96.000000,83.000000,16.000000,16.000000
96.088593,81.742922,15.846657,17.390491
95.602481,81.569305,15.963839,17.322739
96.236519,81.413960,15.710196,17.386381
95.735936,81.290432,15.932723,17.413551
96.295988,82.008914,15.773381,17.623041
95.839626,82.004809,15.883202,17.367571
96.518057,81.832731,15.643322,17.437222
95.977568,81.787542,15.909451,17.269138
96.548185,81.587121,15.772298,17.425131
96.090612,81.505508,15.961446,17.436508
95.751893,81.499980,15.902403,17.366770
96.370652,81.429602,15.675460,17.459248
95.832269,81.481988,15.913107,17.263517
96.443592,81.307234,15.768028,17.547092
96.029522,81.226586,15.892685,17.577719
96.394726,81.163714,16.090149,17.857012
96.592057,81.890583,15.855360,17.812202
95.486864,82.112748,15.953411,17.444448
95.464612,82.780585,16.151632,18.163774
95.493053,83.387609,16.259392,17.868946
95.672874,83.245283,16.245377,17.881397
96.032968,83.381126,16.284735,17.698105
95.982567,83.932666,16.097511,17.866228
95.841004,84.187159,15.843756,16.959614
94.931328,84.585612,15.950934,16.575457
95.213993,85.618042,15.826623,15.887961
95.197187,85.538833,15.853436,15.751707
94.447674,85.788458,16.213860,16.141403
93.176958,86.027422,16.623978,16.435814
91.478684,84.694639,16.946016,17.187508
88.710715,85.608603,17.539190,17.617889
86.408499,88.186311,16.248726,16.626642
82.508626,91.028781,15.983619,16.666807
80.608931,91.882245,16.311295,17.218302
78.930418,93.159693,16.712257,17.281784
76.996129,92.844220,17.593859,17.938936
73.885001,93.551619,19.197615,18.092468
71.665689,93.787460,17.130419,17.825092
70.860984,94.559114,21.549269,18.833078
69.134379,94.414555,16.744818,17.898457
68.581225,95.047949,16.968779,17.985138
71.008392,95.313643,16.635090,17.547644
72.665801,94.918688,17.193724,17.935707
74.999727,95.329269,18.477325,18.099667
77.435748,94.633477,17.322485,17.424631
79.570179,93.619311,16.941448,17.428198
81.532817,91.478028,16.463514,17.585024
84.971091,90.590108,16.369612,16.683123
86.162317,90.341726,16.482002,16.446182
88.085491,88.832295,16.360836,16.579618
88.834400,89.399394,16.493000,16.414057
89.726086,89.191017,17.416988,16.360741
91.637486,89.904809,18.407892,16.973280
93.056674,89.978541,17.773947,16.471407
92.830297,87.901103,19.475206,19.102365
91.198340,92.071666,18.920446,18.421190
89.626941,90.313864,21.451857,21.273129
91.116506,95.494379,17.851755,17.377636
88.533544,95.297993,20.670099,19.204300
90.652602,96.581765,18.802435,18.773069
92.660554,97.213717,18.439768,19.439823
93.816072,96.877810,18.731979,19.831095
95.962461,98.148424,17.488960,17.481853
96.571856,97.552774,17.747396,18.401508
90.541209,88.968879,29.230185,27.490580
98.539169,98.411851,18.788891,17.617338
99.617739,97.965280,18.804413,17.126982
96.437126,92.395758,24.447559,24.371357
101.705810,97.715640,17.805655,17.169031
101.557403,97.611082,18.190695,17.233868
100.822666,95.113879,20.034946,19.506151
102.906749,97.706430,16.844061,16.562199
100.754799,97.968170,18.590099,16.986748
98.784252,94.142628,21.797764,21.120522
99.492593,95.968094,19.472132,17.018242
99.612089,95.420621,19.345779,16.623190
98.178013,94.329904,20.492085,16.549070
97.384149,93.598332,18.890818,16.324171
96.137005,93.249780,18.111813,16.467916
90.999791,90.448854,24.865740,19.935909
88.345323,83.449538,26.192514,25.028742
88.850140,92.634464,16.484951,16.007416
87.374443,92.170760,16.266457,15.569731
86.266069,91.468797,15.946168,15.423410
85.634181,89.738131,16.613096,15.722115
86.348508,89.871407,16.435122,15.499821
85.676632,88.819438,16.594917,15.861560
87.086140,89.375414,16.427399,15.570430
87.153007,89.233051,16.699991,15.891556
86.330794,89.056032,16.457819,16.025311
86.825926,88.594475,16.496044,15.771800
86.254309,89.178163,16.746578,15.748415
87.694265,88.885480,16.262157,15.737467
87.426915,89.196950,16.856451,15.848367
88.774496,89.946266,16.544010,15.492406
89.570228,90.492234,16.933680,15.497569
90.090322,90.413332,17.073750,15.889832
90.897485,91.805486,16.801985,16.137758
91.618407,91.400863,18.079615,16.695578
92.253417,91.387569,18.513102,16.960102
93.843964,91.791589,19.589615,16.962526
95.514109,91.197473,18.253941,17.199083
96.497879,91.415898,17.703819,16.705606
97.332528,91.482905,17.886015,17.023672
99.927855,92.045668,17.827417,16.440048
100.775600,90.699685,19.128044,18.206728
101.540252,89.753392,19.466997,20.390879
104.743887,90.107588,17.414471,19.534813
106.942388,92.555255,16.787085,16.923178
109.110572,93.572228,16.825968,15.908687
109.290687,93.083694,16.825853,16.194777
111.143535,93.341000,16.395174,16.033649
111.668189,93.489305,16.997683,16.270555
111.856127,93.602945,17.423122,16.760086
113.672974,93.347871,19.821434,17.767527
113.813499,93.740165,19.428276,17.325033
115.428079,94.288458,18.337126,16.636345
116.765634,94.049994,17.017317,16.095877
118.270734,94.206608,16.969633,15.777355
119.249274,94.806050,17.159502,15.827143
120.438479,94.346951,17.059793,16.043833
122.407242,94.986056,16.958862,15.900458
123.444921,94.567786,16.929045,16.397673
124.894261,94.216416,17.737104,17.567614
126.520261,93.467657,18.868116,17.976212
128.825921,93.799993,20.672003,18.229189
131.645970,94.829824,18.196737,16.741539
133.085088,95.431486,17.419943,16.174278
133.476749,94.245586,17.095840,15.608463
133.279574,93.793366,18.008432,16.865656
132.503387,93.818407,18.277580,16.746407
131.389742,93.463531,18.430126,16.958652
131.518715,94.318068,18.506546,16.630669
130.994137,93.120079,18.059174,17.500202
129.922787,93.934931,18.169983,16.796417
129.072189,93.718212,18.670273,17.303822
129.260149,93.761153,18.600246,16.937277
128.711262,93.206591,18.076118,16.780853
127.574421,92.418800,19.585220,18.242092
127.876398,93.320278,18.314228,16.805347
127.002337,92.688578,18.560429,18.235817
127.838350,92.631139,17.980183,17.681879
127.530459,93.495676,18.975534,17.581917
127.585497,94.201537,17.784275,16.523634
126.705981,91.992984,19.962336,19.646795
126.030764,92.682386,18.381603,19.198898
114.115343,73.954678,23.139690,22.598534
112.806794,72.762436,26.568487,23.899567
