211.000000,76.000000,34.000000,40.000000
209.082825,78.165577,34.974915,38.782585
206.504091,78.308535,35.550274,37.692959
205.439011,78.007811,34.939651,38.778873
203.455580,78.434082,35.161045,38.987518
200.727303,78.321274,35.542740,38.475021
200.215187,77.387634,34.794296,38.175201
197.231476,77.443424,34.336884,39.874565
195.202595,77.417650,34.874275,37.753323
193.043625,76.921476,34.941391,38.220341
191.967772,76.359236,34.721943,37.519062
190.533632,75.959225,34.762310,38.162865
189.880167,76.248491,34.507183,38.686291
189.005623,76.756330,34.613815,38.398136
189.455957,76.891104,34.440914,38.065830
189.050055,77.075825,34.378025,38.588112
189.218954,77.171503,34.267658,37.959560
188.721651,76.727320,34.344570,38.106564
189.232666,77.460922,34.353912,38.308746
189.267122,76.913273,34.700268,37.459038
188.933565,77.260176,34.655025,38.643650
188.557547,77.401449,34.841831,38.109013
189.126949,77.908424,34.628502,38.203735
189.819031,77.632484,34.485748,37.847351
188.626497,77.580839,34.958599,38.229374
188.828030,77.633097,35.026375,38.273495
189.171591,77.677870,35.043995,38.161488
189.650337,77.593641,35.021881,38.140263
189.208630,77.380613,35.101418,38.265018
189.973259,77.153866,34.983994,38.201653
189.629774,76.836809,35.257389,37.913158
189.558590,76.895714,35.151115,38.638824
190.158325,76.740175,35.113098,37.941601
189.752550,76.250093,35.146496,38.015331
189.806686,75.997768,35.157089,38.734520
190.547953,76.838821,34.941814,38.409882
189.468925,76.474844,35.186142,37.377201
190.092739,76.728899,35.025993,38.460003
189.962929,76.868111,35.228973,38.686996
189.352379,76.944469,35.222824,38.038261
189.897005,77.111937,35.264019,38.394917
188.991144,77.078960,35.227459,38.184914
189.410200,76.802879,35.293278,37.466522
189.403154,76.297552,35.247219,38.656025
189.393751,76.469803,35.307102,38.311981
189.482521,76.459576,35.240402,38.480843
189.507523,76.588488,35.256149,38.580776
189.379042,76.958302,35.347263,38.585045
189.059544,77.472170,35.366585,38.644421
188.309715,77.336838,35.533890,37.961838
187.597952,77.432209,35.486301,38.371437
188.024673,77.327490,35.594223,38.002003
186.841469,78.158855,35.647034,38.504555
186.445866,78.078724,35.890526,37.367714
185.325249,77.903662,35.902328,38.514347
185.076107,77.425472,35.913322,37.164574
184.969303,76.825741,35.766426,38.005943
186.238285,76.527063,35.583092,37.764324
186.909796,76.289536,35.296024,38.269821
188.187822,76.675026,35.158184,38.409180
190.112921,76.927206,35.287785,37.699192
191.216845,76.617191,34.953396,37.541451
192.807293,76.972054,34.725929,37.908722
193.769531,77.167519,35.006546,37.472198
194.111605,77.822851,35.034191,38.107914
195.221720,77.712234,35.207714,37.559540
195.649124,77.927767,35.113129,37.786892
196.676680,77.174929,35.278568,37.582943
197.698666,77.494907,35.143196,37.695641
198.434029,78.044550,35.148514,38.012875
198.306938,77.206135,35.617722,38.192268
199.630381,78.105457,35.373760,37.877754
199.976204,77.187740,35.556641,37.998543
200.852089,77.987453,35.090714,38.188850
201.006927,77.347071,35.587616,38.061794
201.414118,78.217953,35.209667,38.258568
200.844460,77.641073,35.806671,38.070423
201.165722,77.556646,35.415840,37.698032
201.913977,77.735504,35.112370,37.682251
201.787849,77.132160,35.570129,37.811729
201.585461,77.131765,35.691719,37.879704
202.933697,77.463043,35.582741,37.986572
202.852856,77.947069,35.931938,38.556561
204.766508,77.204973,36.109257,38.053524
206.074308,77.409580,36.429066,38.371559
207.095051,77.888802,36.961479,38.177414
208.615442,78.824892,37.068584,39.106777
208.967630,78.694996,37.836010,38.223534
211.488235,79.728233,37.935593,38.297104
212.113623,79.835052,38.298328,38.019501
213.291317,79.923746,38.211205,38.261135
214.476818,79.276466,38.292305,38.475082
214.971420,79.690746,38.636673,38.093605
217.263596,80.247065,38.341049,38.236233
218.216009,81.058182,38.513096,38.197098
219.206978,80.985518,38.420380,38.288776
219.971785,81.338997,38.374775,38.543060
220.669807,80.922697,38.274750,38.698322
221.065409,82.137726,38.574520,39.045502
222.318972,81.483223,38.298855,39.170425
223.082626,81.621637,38.194611,39.479382
223.666229,82.843473,38.291153,39.303516
223.626875,83.382265,38.544056,39.242092
223.862411,82.592562,38.525177,39.489147
223.767418,82.636276,38.559998,39.029785
223.652462,83.079416,38.703606,38.999645
223.275156,82.110619,38.348965,39.050751
222.536087,82.567192,38.557800,39.154526
221.601831,82.754189,38.637432,38.497620
221.153524,81.400951,38.232777,38.867470
218.674742,81.848970,39.477528,38.638454
217.627829,80.985342,39.670399,38.397282
216.368710,80.389797,39.874001,38.574821
215.189468,80.539494,39.250275,38.310341
214.193403,80.148861,38.751637,37.925346
213.297981,80.258364,37.693848,37.661144
212.512346,79.795422,37.207348,37.578514
211.964191,79.705593,36.964485,37.408775
210.675930,79.809109,36.803780,37.420189
208.837955,79.906698,37.202370,37.365040
208.836712,79.559484,36.647438,37.253574
207.415115,79.882132,36.424225,37.352238
205.618069,79.397825,36.406975,36.849766
205.548210,79.654915,35.428787,37.544037
203.882639,80.273336,35.849422,36.582951
202.840017,79.472757,35.453968,36.851711
201.389709,79.429314,35.357635,37.705414
199.135118,79.067707,35.815151,36.775887
199.008377,79.239523,35.077377,38.039845
197.825935,79.129253,35.147919,37.049538
196.758291,79.310190,35.080540,37.816067
196.245440,79.205032,35.189404,38.006805
195.485243,79.119095,35.255207,37.262573
193.684851,79.361673,35.409229,38.334743
193.936914,78.904972,35.449780,37.120979
191.933006,79.700912,35.572510,38.467072
191.131878,79.193970,35.690941,37.579254
190.828262,79.822330,35.627747,38.132744
188.809172,78.878468,35.803684,38.246407
188.373980,79.089619,35.858898,37.906410
187.402674,79.788242,35.951824,38.422859
185.994110,80.567091,35.934525,38.244022
186.027470,80.428833,35.814873,37.817230
184.719303,80.607580,35.758934,38.573948
184.300587,80.648773,35.919807,38.219101
183.341967,80.657845,35.945629,38.288528
183.092560,80.696436,35.729599,38.600674
183.291176,80.958269,35.644302,38.500027
181.905233,79.689049,36.185871,38.759750
182.364664,80.744793,35.545513,38.690742
181.950966,80.074915,35.790833,38.285427
183.222139,80.489697,35.148602,38.394539
182.669889,81.058222,35.618595,37.718517
182.515776,81.316158,35.615620,37.447350
182.769573,80.442717,35.731224,36.991566
182.841726,80.105545,35.434513,37.357925
183.158962,79.378613,35.438133,37.368019
184.018002,78.696815,35.057579,37.794510
183.940689,77.462746,35.190582,37.810837
184.305252,77.776491,35.040344,38.433117
185.369022,77.871756,34.979012,37.362827
185.768332,77.055233,35.005268,37.438347
185.493877,76.861771,34.845467,37.974945
186.095930,76.159723,34.856525,37.153698
185.946951,75.715279,34.811008,37.604324
186.289066,75.705044,34.866127,37.200005
186.887028,75.358688,34.840462,36.494873
186.702007,75.078125,34.718269,36.930176
187.189949,74.425549,34.603851,36.089836
187.814350,74.145224,34.603645,37.498600
187.016958,74.127069,34.560093,36.294491
187.567106,73.682440,34.704899,36.240208
187.227985,73.129524,34.585457,35.575134
187.548046,72.773483,34.376228,37.042740
187.732162,72.368887,34.541748,36.062565
187.595802,72.498117,34.350357,36.873913
187.805441,72.555958,34.489918,36.284996
187.548542,72.021051,34.497856,35.938030
187.789652,72.332262,34.549114,36.805706
187.098013,72.253471,34.397694,35.908752
187.239510,71.610376,34.515381,35.876461
187.453932,71.622721,34.440327,36.394100
187.125488,71.555962,34.412262,35.772095
187.168261,71.439087,34.456112,35.926834
187.143192,71.284563,34.555962,35.944958
187.001596,71.167828,34.763760,35.661308
186.949430,71.737740,34.800678,35.878387
187.414772,70.894949,34.500519,35.362446
186.689924,70.805897,34.342030,35.405220
186.825514,70.606171,34.361057,35.092453
186.477797,70.753752,34.127460,34.857685
186.290051,71.368671,34.533012,35.005394
186.410116,70.878235,34.380787,34.197174
186.250645,71.134474,34.517998,34.652424
186.713966,70.943943,34.380798,34.418037
186.430553,71.347281,34.588509,34.441639
186.901237,71.168926,34.275940,34.254005
186.797512,71.496939,34.204536,34.439304
186.786371,71.265804,34.055798,33.983696
187.057528,71.302723,34.115597,34.190590
186.547010,71.965784,34.004108,34.499371
186.468184,72.176159,33.996204,33.950935
187.469328,72.047564,33.655888,34.425549
187.137678,71.785095,33.657032,33.588135
187.483053,72.288839,33.703678,34.961887
187.727398,71.907299,33.623955,33.668175
187.410410,72.432053,33.558987,35.254272
187.606119,72.305044,33.637600,33.726933
187.314133,71.804903,33.750854,34.653820
187.137119,71.563616,33.830391,34.842159
187.504168,72.003527,33.861797,34.996212
187.890554,71.458839,33.926716,35.694656
187.263897,72.287912,34.326454,36.058910
187.389395,71.696129,34.363743,36.590088
187.051086,71.973141,34.503113,37.119698
187.877270,71.798922,34.432091,37.551266
187.821529,72.110519,34.402153,38.991898
187.571365,73.184853,34.267395,39.114410
187.986635,74.191572,34.591076,38.598652
187.700186,74.673243,34.825489,38.282635
187.705858,75.198359,34.818768,38.828838
188.245535,74.967976,35.130909,37.812614
188.272970,75.004562,34.677692,39.157898
188.060928,74.977512,34.977753,38.111870
188.513037,74.847185,34.876698,38.817501
188.657104,75.230156,34.859818,39.219513
189.005690,75.136274,35.074329,38.212116
189.344814,74.899490,35.009727,38.524323
190.099415,74.899662,35.056847,38.316002
190.731947,74.778736,35.001804,37.993385
191.678045,74.613127,34.868595,38.513691
192.186550,75.044563,34.871391,38.556213
193.514023,74.846531,35.205948,37.091881
194.510756,74.351799,34.922276,38.112427
196.172932,74.790508,34.618645,38.368996
197.966782,74.893450,34.850754,37.336651
199.051741,75.482555,34.419117,38.271217
200.413599,75.562386,34.736355,37.486664
201.927471,76.296247,34.327904,38.512806
202.557005,76.596607,34.777897,37.966530
203.410675,76.977610,34.750763,38.252590
204.108364,77.630751,34.796440,38.367161
205.021423,78.033684,34.993637,38.423050
205.630781,77.800716,35.313328,37.401299
206.620319,77.144047,35.172523,38.363472
206.581024,77.455648,35.307877,38.737965
207.595675,77.507214,35.350384,38.400658
208.032484,77.466688,35.476597,38.926777
208.256145,78.633196,35.517052,38.853878
207.609949,77.939705,35.986340,38.010071
207.558552,78.208332,35.789314,39.246391
208.121208,78.393084,35.984207,39.247128
207.107616,77.875116,36.295647,38.956936
206.652491,77.561655,36.404507,40.239635
206.163361,76.960791,36.822083,39.382664
205.775570,76.326365,36.952354,40.587093
204.981131,75.676369,37.134907,39.507523
204.201946,75.142393,37.155754,39.699986
203.976000,74.028309,37.431881,39.505836
203.637037,72.822393,37.652592,39.757130
203.548830,72.111074,37.991833,40.910267
202.933954,71.366493,38.251110,39.394913
203.620670,70.464321,38.016701,41.375923
203.685461,69.826668,38.255665,39.647842
203.002546,68.981085,38.671192,40.561176
203.188061,68.354303,38.540199,40.328777
203.368170,67.739374,38.777332,39.705441
202.859583,67.264942,38.920406,41.697136
202.766863,66.848391,39.122402,40.413342
202.383327,66.062561,39.433067,40.899780
201.244484,65.632296,39.819397,40.820019
201.701138,64.529232,39.702293,41.285561
201.032190,64.718832,40.023067,40.929279
201.464935,63.723763,39.987991,41.485611
200.921873,63.366680,40.717655,41.259590
201.478235,62.677717,40.565716,41.648014
201.358685,62.258087,41.132652,41.454636
200.839876,61.526936,41.550976,41.683067
201.412785,61.152159,41.248039,41.729420
201.056896,61.361042,41.491295,41.272636
200.431612,60.993267,41.919704,41.441093
200.322855,60.786737,41.956631,42.001141
200.753462,60.114477,41.731358,41.866901
198.736290,61.145258,43.154083,41.284252
199.412838,60.543337,42.268349,41.555294
198.719881,60.972214,42.592480,40.902878
197.908882,59.364187,42.922668,42.327259
202.662582,59.789625,38.248520,40.120914
197.591957,60.137741,43.034042,43.352707
198.037504,60.086529,41.980640,41.291237
196.071581,59.645033,43.524441,41.541386
198.056541,58.623138,41.639984,41.478790
198.558136,58.807346,41.117538,40.740639
196.327271,59.410879,42.705170,42.892902
196.617929,58.427141,42.037350,42.056515
200.032568,58.623526,39.109135,40.292118
195.527744,59.343143,43.095985,43.350487
195.976549,58.223852,42.215054,42.127537
200.104536,58.934927,38.105137,39.882999
195.653212,58.977797,42.811375,43.601749
196.119352,60.210293,41.987095,41.278069
195.869419,60.385069,41.973869,41.993153
196.506252,61.129650,41.492119,41.385002
197.022852,60.457994,41.283108,41.510235
196.516773,60.928703,41.537666,42.731567
196.602798,60.617653,41.770706,42.014999
197.574453,61.202272,41.099033,41.862560
197.145910,62.068893,41.244694,42.653610
197.218180,63.121983,41.002209,41.162453
197.691616,62.302860,40.887474,42.146324
197.549160,62.268005,40.680382,42.194931
198.330990,63.122545,39.934517,42.629467
199.112574,64.106632,39.744900,42.076485
199.121029,64.621765,39.721550,41.818268
199.481915,64.488914,39.606133,41.207962
200.039845,65.553535,39.221260,41.957993
200.352118,66.266914,39.001408,41.756332
200.331203,66.830965,38.893822,42.002087
200.780359,67.272980,38.481014,41.742310
200.760284,68.169279,38.354706,41.339817
201.679035,69.216675,37.897896,41.476562
202.229204,71.211245,37.744213,40.994198
202.351118,71.207434,38.041416,41.121159
202.428890,73.248199,37.793419,40.793091
203.097754,73.404358,37.661472,40.638184
203.472939,75.882788,37.330948,40.083347
202.898960,76.736015,37.316292,40.474228
203.202116,77.490696,37.199116,40.445396
203.900265,78.461559,37.040215,40.265511
204.466154,79.989962,36.886768,40.087551
204.953503,80.793180,36.710442,39.835987
205.301222,81.746416,36.500675,39.625896
206.083603,82.361021,36.208176,38.980686
206.139967,83.165602,36.232685,39.092106
206.725431,83.228039,36.019184,38.757790
207.135698,82.614731,36.046856,38.366898
207.528990,82.747622,35.758427,38.780865
208.282820,81.797579,35.759205,37.695324
208.442141,81.141195,35.578136,38.360126
209.475054,80.450397,35.449902,37.738701
209.215714,79.118044,35.784500,37.692028
209.417252,78.626574,35.469864,38.700375
209.695505,78.229557,35.573406,37.782982
210.160583,77.222210,35.530624,37.278542
210.258011,76.544201,35.336319,38.442757
210.336044,76.212624,35.534012,37.806641
209.924965,75.815977,35.412354,38.248615
209.733379,75.910536,35.437660,38.351398
210.214638,76.016321,35.330215,38.130993
209.738100,75.770401,35.416927,38.066086
208.689253,76.197775,35.185932,38.870213
208.144453,76.177437,35.647221,37.448135
207.659040,76.426142,34.958683,39.015362
206.186201,76.565775,35.461414,37.681149
205.450996,76.263617,35.290878,38.119862
203.523197,76.136017,35.311684,38.351608
203.246813,76.314068,35.009075,38.574760
202.163408,76.377119,35.266903,37.958378
201.343365,75.949749,35.306511,38.102043
200.769163,75.612253,35.234272,37.724804
200.465252,76.266233,34.573723,38.882923
200.000879,76.423721,34.877102,37.762619
200.444704,76.432608,34.561275,38.402042
199.999453,76.047606,34.921398,37.565922
200.883131,76.383009,34.549213,38.595982
201.413816,76.409616,34.860035,37.942028
202.746819,76.380083,34.703873,38.278378
204.250248,75.841225,34.746971,37.593750
206.125488,76.014860,34.527573,38.275684
208.408779,76.043959,34.554817,37.876118
210.475824,76.145390,34.580578,38.084450
212.687319,76.106091,34.297131,37.525627
215.503870,75.616243,34.173779,37.553188
218.103737,75.969805,33.998474,38.244015
221.051472,75.448109,34.169319,37.499138
224.795391,75.507786,33.995079,38.641823
227.308735,75.981398,34.646950,37.605656
229.621805,76.022915,34.881893,37.697716
231.703215,75.862080,35.266346,37.423271
234.124275,75.582287,35.154343,37.492714
235.396685,76.030451,35.145992,38.262569
237.372292,75.825701,35.296906,37.408092
238.443861,75.607738,35.021671,37.584618
239.380630,76.256342,34.826157,38.287258
240.203918,76.271652,35.021027,37.633377
240.021986,76.338243,34.932163,37.964855
240.741611,76.465431,34.911674,37.811966
240.262793,76.598101,34.899769,38.087826
239.079641,76.351351,35.028706,37.609280
238.192257,76.528538,34.897774,37.978569
236.896370,76.060293,34.987152,37.515232
235.601831,76.498295,35.039455,38.418953
233.520275,76.571808,35.200996,37.868210
231.635986,76.344339,35.192215,37.919506
229.666126,76.179079,34.960548,37.541531
227.241646,76.780239,34.756912,38.266975
224.701742,76.278595,34.772938,37.788467
221.877245,75.811045,34.878002,38.432049
219.323460,75.794392,34.843010,38.254066
216.855713,76.402134,34.682388,39.267891
213.369316,76.057920,34.977371,38.367069
209.959667,75.817326,35.690666,39.028801
205.944256,76.640484,35.460838,39.326225
202.504929,76.816576,35.541077,39.059994
199.189022,77.251991,36.146599,39.650848
195.743576,77.530981,36.002518,38.985661
191.906443,77.544588,36.036785,39.763515
188.845369,78.776423,36.499035,39.357494
186.147589,78.944296,36.681416,38.913074
184.107107,79.240593,36.702198,39.005295
181.813187,78.356010,36.706436,38.968338
179.621887,78.977558,36.783707,39.231178
177.527676,78.549984,36.897118,39.057198
176.201223,79.419123,36.520054,39.211025
175.697886,79.170034,36.577068,38.667027
175.427708,79.317024,36.284264,38.665649
174.816519,78.934584,36.313694,37.889332
177.504669,79.010160,35.098999,38.033939
178.650873,78.111952,34.903271,37.291721
181.367542,78.438953,34.503761,37.678459
184.796947,77.856768,34.897896,37.383694
188.117500,78.057804,35.342224,37.519905
191.422899,78.189360,36.229198,37.454441
194.881973,78.908783,36.189392,37.517853
198.560577,79.267656,37.225693,37.365063
202.555500,79.866072,37.305641,38.419300
205.741472,80.615280,37.231823,37.902039
207.961864,80.995718,37.344398,38.190357
209.627064,81.080574,37.584694,37.968491
211.836079,81.034081,37.683052,37.994202
211.891685,80.791077,37.984650,37.479355
213.443645,80.541794,37.565315,37.774094
212.630087,80.101357,38.012730,37.447815
213.107830,79.906391,37.443245,37.306831
211.933060,77.896801,37.624725,38.350243
211.324808,77.943548,36.286556,37.877750
210.272707,77.210022,35.870998,38.061829
209.012354,76.463343,35.245083,37.911327
207.084654,75.020910,34.982044,38.533070
204.463545,74.451502,35.379734,38.834042
201.342686,74.983126,36.334969,39.443066
198.588949,74.387430,36.812824,39.603191
197.082983,74.565002,37.737095,40.886627
193.924669,75.601299,38.750790,40.890877
192.890182,76.326950,38.361603,40.859238
189.902626,77.029316,39.232819,41.325294
188.582954,77.350027,39.033737,40.827778
188.612083,78.703823,38.326401,40.852791
187.251715,78.370831,38.924488,41.233147
186.051283,80.217655,39.084949,41.017021
185.687265,79.251223,38.483913,41.378796
185.082392,79.410379,39.337887,41.678616
185.150145,79.676588,38.899982,41.046162
185.252897,78.857594,38.967213,41.751778
185.968555,77.864174,38.803032,41.638474
187.662819,77.757687,38.214432,41.187248
190.232870,76.420904,37.135334,41.495090
191.655540,76.183443,36.875488,40.873577
193.825769,75.490721,36.102688,40.100986
195.889357,75.803642,35.595737,39.723206
197.240454,75.842737,35.276051,39.294415
198.926785,75.759932,34.839699,38.667652
200.022739,75.281670,34.842476,38.521805
201.934473,75.668432,34.711193,38.756626
203.756273,75.339487,34.721889,37.850674
206.367369,76.075872,34.559376,38.459888
207.695681,76.444180,35.094250,38.084755
209.277746,76.201782,35.226353,37.891876
210.812403,75.985769,35.425472,37.825459
212.025164,76.574188,34.565792,38.515350
212.725128,76.436201,34.884125,37.669437
213.292326,76.647560,34.649754,38.459625
213.087269,76.972054,34.941231,38.094833
212.607269,76.770943,34.993362,37.772964
213.015268,76.496084,34.757565,37.761021
212.569887,76.428648,34.559414,38.446674
212.001120,76.484331,34.879948,37.869717
212.295835,76.947977,34.330891,38.752712
211.689583,77.001141,34.744598,38.068672
210.834093,76.821064,34.556530,37.984779
209.785744,76.870422,34.769424,38.506348
209.323526,76.840837,34.752712,37.443768
209.444782,76.769047,34.645210,38.592522
209.138544,76.797153,34.718716,37.561134
208.640310,76.808842,34.504642,38.870644
208.624481,77.031885,34.731277,37.586681
208.654190,77.300426,34.416336,38.595528
207.919138,76.979197,34.755199,37.356106
207.839361,77.048695,34.478458,38.667320
207.600410,77.250814,34.685730,37.420429
208.301003,77.524147,34.576172,38.318527
207.631819,77.097841,34.776783,37.192913
207.965183,76.778278,34.502388,38.313850
208.173706,77.032682,34.517410,38.189487
208.341072,77.177639,34.634628,38.123817
207.557690,77.178680,34.704292,38.303207
207.815454,77.467930,34.552258,38.167091
207.845419,77.090734,34.785313,36.947636
208.077009,76.728689,34.569263,38.283360
208.290186,76.963537,34.558239,38.138004
207.576862,76.918381,34.692192,38.064606
207.639759,76.855276,34.851799,37.562809
206.566523,76.805328,35.353344,37.532715
206.239111,76.735111,35.923985,36.230690
204.464691,76.693937,35.996185,36.981403
204.305292,76.088034,34.914989,36.380589
202.445337,75.766781,35.952785,36.302605
201.340334,76.140667,36.102245,37.113274
200.790215,76.502375,35.755356,35.645016
200.974773,76.074800,35.439674,35.656002
200.697470,76.500292,35.149860,36.069958
200.353987,76.444775,35.307255,35.485893
200.886988,76.386049,34.721096,35.578381
200.680511,75.868757,35.110947,35.674015
201.453033,75.644983,34.949402,35.834652
201.366642,75.552546,35.432594,35.982845
201.294132,76.136177,35.383827,35.975647
202.249813,75.427906,35.288216,35.909370
202.436132,75.868315,35.413914,35.937855
201.679541,76.204767,35.401615,36.159023
202.820944,75.665194,35.119678,36.281109
202.376675,76.129118,35.485512,36.398060
202.780872,75.848698,35.620827,36.255211
202.362877,75.634962,35.399368,36.455799
203.258263,75.347298,35.484421,36.421082
203.168371,75.182770,35.548832,36.539337
204.000153,75.743170,35.297333,36.240162
202.771629,75.691208,35.408127,36.309586
204.301693,75.369787,34.854301,36.447010
203.865833,76.142614,35.475914,36.312244
202.738394,76.210066,35.367725,36.291065
204.178534,76.041183,35.029621,36.252335
203.729391,75.298153,35.487217,36.490395
204.148209,75.338158,35.734100,36.342865
203.508137,75.994768,35.901115,36.645046
204.723461,75.966564,35.385078,36.505882
204.731487,75.729000,35.699394,37.011253
204.163919,76.220949,35.806561,36.173000
205.775188,76.076567,35.582710,37.286304
205.535482,75.804626,35.497410,36.340897
207.527014,75.925545,35.206394,37.278137
207.140858,75.938173,35.309868,36.638409
208.192451,75.918779,35.364365,37.206097
208.597912,75.729456,35.732933,36.318386
209.401497,75.616995,35.399429,37.219807
209.831705,75.551527,35.098385,37.000065
209.597055,74.861191,34.946728,37.212143
209.495953,74.840427,34.707634,38.214333
210.029762,75.100048,34.738068,37.073387
211.225473,74.830959,34.516262,37.106010
212.241241,75.539928,34.141464,38.054787
211.748766,75.020626,34.283367,37.903481
213.391521,75.606804,32.878288,37.684494
213.607630,75.386005,32.400875,37.458092
213.617507,75.746147,31.784349,38.018143
213.795922,75.859066,30.834501,37.278160
213.917534,76.427876,31.066711,38.501015
214.312480,76.792093,29.921579,36.820110
214.506981,76.278448,29.225677,37.311954
214.094184,76.820368,29.212023,37.828747
214.900440,77.113922,28.695808,36.992294
214.661737,77.052666,28.242535,37.098648
215.140394,76.648718,27.615376,36.823002
214.443193,76.719078,27.981861,37.595795
215.153450,76.410532,27.780525,36.844906
214.220946,76.673685,27.840113,37.405392
213.763907,77.476578,28.140207,37.107819
214.175303,76.808565,27.399630,37.031902
213.313454,77.040792,27.968147,37.481693
213.798470,76.574331,27.848320,36.978306
213.203367,76.379543,28.280422,37.292290
212.772472,76.671438,28.601486,37.340565
212.510951,76.449696,28.130739,37.155357
211.681940,76.471287,28.797230,37.411125
211.433903,76.280352,29.478851,37.688427
211.107967,76.351448,29.774292,37.192139
210.519745,75.608021,30.115471,37.587135
209.806628,75.579096,30.903139,37.840160
208.745785,75.520142,31.814072,37.630692
208.545027,75.236078,32.326962,37.098186
208.560911,74.836163,32.582714,38.442711
208.278572,74.518066,32.796425,37.384155
207.962782,74.119328,33.450344,37.892311
208.090733,73.971733,33.503128,37.433502
207.798164,73.981325,33.694588,38.121609
207.913351,74.438206,33.552486,37.787254
208.005138,74.378677,33.914719,37.811157
207.763638,75.279215,34.026917,37.678570
207.252132,75.146782,34.327515,37.372299
207.528217,74.899410,34.392258,37.340950
206.024025,74.926971,35.129265,37.178238
205.873871,74.947947,35.082741,37.863583
205.755644,75.083336,35.139904,37.301697
205.164948,75.152306,34.596107,38.004181
205.405399,75.320789,34.579681,37.304161
204.413513,75.289154,34.716301,37.432922
204.664328,75.427296,35.076275,36.323936
203.636572,75.627449,35.488338,37.714294
203.403919,76.035400,35.613312,36.409912
202.287424,75.754396,36.143147,36.401104
202.588190,75.672379,34.847919,36.124084
200.965178,75.099573,35.317989,36.307156
200.355850,75.270990,35.041176,36.946529
199.765497,75.453455,34.711918,35.423626
199.263605,75.173771,35.060062,35.937767
199.842562,75.034069,35.488010,36.655220
200.100019,74.819164,35.297146,36.155632
200.557808,75.325981,35.612984,36.567932
200.127697,75.110527,35.249069,36.064102
200.955053,74.728949,34.963818,35.993992
201.310013,74.636267,35.357277,36.473255
200.964491,74.871895,35.743679,36.317947
201.529501,74.577484,35.508297,36.188400
201.612865,74.738491,35.626831,36.219231
201.878929,74.945831,35.565804,36.299637
201.517296,75.208874,35.725563,36.631325
201.899666,75.108759,35.590263,36.458691
202.469374,75.067713,35.218517,36.389645
202.517307,75.461559,35.473419,36.923058
202.312628,76.066545,35.455975,36.525600
203.036865,76.179386,34.983070,36.761742
202.626394,75.955820,34.995541,36.328976
203.761816,76.230505,34.716839,37.232990
204.809525,76.732988,35.300179,37.231808
205.866179,77.370293,35.067226,37.472366
205.067570,77.659332,35.765274,36.331039
206.073690,78.180326,35.244061,37.430256
205.418047,78.579769,35.704624,36.460640
205.743809,78.987108,35.553619,37.365597
205.569727,79.157934,35.742741,36.332783
206.149427,79.163622,35.770397,36.992809
206.723959,79.463461,35.569775,36.628864
207.038000,80.196888,35.621014,37.229729
207.375122,80.053059,35.792671,36.549828
207.911512,80.180483,35.518703,36.730633
208.921658,80.543804,35.444214,37.041115
209.345003,80.404591,35.317799,36.788353
209.060987,81.712587,34.993893,36.701962
209.159349,81.552038,35.189259,36.125599
209.834852,81.366909,35.042614,36.433189
209.273800,81.459332,34.927216,36.438896
209.531786,81.280640,34.945805,36.505554
208.565498,81.376173,34.887932,36.781467
208.850285,81.095558,35.155060,36.172729
208.622686,80.972433,34.879772,36.407200
208.103800,80.875074,34.931446,36.532551
208.724661,80.418894,34.742733,36.853512
208.833374,80.492582,34.504646,37.330967
208.718752,80.838652,34.476170,37.280109
208.671797,81.165821,34.396145,37.348137
208.279421,80.980392,34.871571,36.381866
208.604939,80.356625,34.727234,37.003807
208.560732,80.688133,34.298923,37.250076
208.680393,80.558380,34.691849,37.030945
208.778513,80.776600,34.254841,37.478615
208.340551,80.784901,34.923779,36.228355
209.019640,81.461113,34.244480,37.090179
208.001850,81.247337,34.899078,35.785706
208.861250,81.447966,34.800320,36.474949
208.084713,81.916622,34.599762,35.904655
208.370825,81.845474,34.782513,35.866776
208.112473,81.368546,34.931221,35.691452
208.134027,81.666637,34.813892,36.036308
208.068741,80.842598,35.320137,35.926819
208.914690,80.269964,35.369022,36.911243
208.891727,79.761026,35.509308,37.071331
208.642181,79.882238,35.000969,37.030613
208.594217,79.516878,35.061543,37.061047
208.664829,79.453163,35.020447,37.183807
209.059580,78.889652,34.783253,36.608986
209.141668,78.638916,34.656460,36.877197
209.070585,78.143129,34.602596,37.622692
209.056273,79.202852,34.066860,37.328533
208.513725,78.881952,34.473320,37.171108
208.414335,79.103754,34.532818,37.131695
208.286150,78.318285,34.599094,36.654812
208.650957,78.579857,34.436619,37.615112
208.423401,78.651642,34.600822,37.394028
208.283121,78.744522,34.624546,37.147354
208.058159,78.654144,34.747948,37.101883
208.708897,78.349361,35.020477,37.344444
208.448538,77.777866,34.861614,36.858833
208.939932,78.572254,34.503674,37.608040
208.773033,78.350824,34.870567,36.601162
209.156073,78.532269,34.537426,37.405754
209.859724,78.421543,34.870754,37.509544
209.732046,78.048866,34.689373,36.862488
210.392754,78.960958,34.343987,37.603992
209.954020,78.290976,34.779835,36.658146
210.547150,78.265480,34.609566,37.678497
211.357376,77.837954,34.883568,37.073696
211.967794,78.715996,34.362728,37.566742
213.173185,78.478794,34.321728,37.236107
213.972176,77.813244,34.614296,37.100624
216.179493,78.440674,34.106384,37.867737
218.009516,78.966589,33.592609,37.540150
219.545641,79.158962,33.568562,37.478233
220.736864,79.194183,33.644825,37.334351
220.812477,79.287519,33.598579,37.483845
221.396320,79.601730,33.822052,37.472214
222.388874,79.642126,33.555145,37.067265
222.735880,79.623779,33.881077,37.470856
222.937742,79.326813,33.860775,37.304092
223.188829,80.044039,33.624043,37.264904
222.427675,79.697632,34.147846,36.396713
221.773325,79.292786,33.904438,37.216797
222.502678,79.619364,33.824593,37.400600
221.432529,79.161148,34.345154,36.722412
221.097649,78.665670,34.376915,37.357151
220.695581,78.972240,34.259327,37.232521
219.624460,78.714987,34.883839,36.925236
218.769796,78.672029,34.691952,37.107693
218.070553,78.670942,34.734985,36.954990
217.858681,78.546515,34.540047,36.932041
215.926437,77.972883,35.127327,36.709385
216.237110,78.428583,35.012115,37.015926
215.121347,78.778063,35.256809,36.809292
214.395538,78.369139,35.555779,36.269749
213.766880,77.816082,35.418747,36.413994
213.658743,78.362831,35.305325,37.171158
212.682537,79.079525,35.481064,36.594948
212.611528,78.623983,35.504826,36.235172
213.155663,78.409126,35.207359,36.584198
212.553921,78.531151,35.134048,36.685913
213.049559,78.913435,34.858028,36.978916
213.531195,79.424726,34.590954,37.240330
212.974215,79.210117,34.506123,36.503593
213.546501,79.601383,34.204979,37.539772
213.040184,79.573484,34.452721,36.836018
213.435131,79.974493,34.064056,37.223759
213.864101,79.743179,34.261459,36.774368
214.394953,80.239374,33.767353,37.069057
214.408037,80.068401,34.256184,37.546486
214.030672,81.377043,33.730671,35.341618
214.809053,80.977573,33.838627,37.106163
213.502239,80.887491,34.543396,36.460323
213.626631,81.532841,34.361752,37.229774
213.593102,80.898947,34.430000,36.986439
214.112438,80.815699,34.342087,36.999920
213.068649,81.499382,34.710533,36.757690
213.403820,82.903265,34.118866,36.283787
212.917088,82.327101,34.701035,35.782337
212.811563,83.761234,34.318699,35.575615
212.647699,83.839886,34.505238,34.858055
213.142542,84.243647,34.203403,35.097668
212.367685,84.632460,34.555042,35.670948
212.881443,84.012947,34.411682,35.540344
213.040852,83.878477,34.239273,35.808277
212.843187,84.244831,33.778080,36.321129
213.045969,83.827915,34.083698,35.720345
212.989029,83.323931,34.030296,36.184521
212.422838,83.307467,33.726231,36.696712
212.623587,83.407320,33.679180,36.691326
212.545031,83.451330,33.867756,36.732487
212.657497,83.072874,34.285385,36.455296
212.119072,83.355267,33.777428,37.174370
211.907677,83.259394,34.485664,36.431057
212.176783,83.241894,33.961536,37.360802
211.474903,83.563801,34.256317,36.629387
211.155010,83.130398,34.479446,36.369225
211.934866,83.317909,33.837597,36.939545
211.152517,82.946375,34.449078,36.316570
211.789965,83.027840,33.907093,36.797058
211.054491,83.071892,34.285252,36.921387
210.948267,82.709711,34.468052,36.507580
211.559280,82.565763,34.070580,36.740192
210.981741,82.326296,34.320446,36.955746
211.241186,81.924198,34.125210,37.635460
211.819086,81.843388,34.283329,36.712425
211.773827,81.726072,34.131233,37.720295
211.792849,81.290821,34.373554,37.038368
212.847942,81.657034,34.139893,37.791462
212.399788,81.366585,34.462440,36.777405
213.018425,81.573818,34.016838,37.679024
212.725189,81.540606,34.196602,37.615368
212.385868,81.310251,34.365936,37.454739
211.692253,80.882608,34.594688,37.336147
212.036507,80.127417,34.364555,37.336796
212.108414,80.172913,34.362206,37.810883
211.573008,79.832710,34.489185,37.509048
211.787228,79.718645,34.326340,37.721203
212.147482,79.493549,34.275417,37.747475
212.617819,79.968826,34.339931,38.211411
212.832954,79.522129,34.676643,37.202675
213.316357,79.613415,34.312149,37.880379
213.395916,79.392181,34.435699,37.640656
213.742979,79.068485,34.512539,37.579628
214.400328,79.425928,34.456478,38.277676
214.077391,79.287205,34.311367,37.259346
214.734104,79.238010,34.392517,37.988686
215.159210,79.219761,34.440315,37.949608
214.796038,79.275036,34.402653,38.140556
215.431635,79.299173,34.439564,38.176388
214.820658,79.977324,34.394047,38.093708
214.424887,79.602419,34.681347,37.098766
214.856192,79.750048,34.375881,38.154659
214.471321,80.079266,34.474022,37.833656
215.077402,79.997143,34.507420,37.927788
214.662731,80.212799,34.526764,37.821030
215.045788,79.533190,34.701187,37.229305
215.244410,80.039589,34.347111,37.946976
214.602289,79.777058,34.542515,37.240181
214.529118,80.504438,34.361374,37.847584
214.563768,80.136261,34.692310,37.154236
214.348570,79.939190,34.427166,37.512764
213.766720,79.877720,34.606598,37.187401
214.119381,80.553322,34.391708,37.512222
214.093878,80.416800,34.449673,37.169834
213.673645,80.075325,34.653114,37.643051
212.496164,80.816593,34.840931,37.051826
212.284279,80.847380,35.162697,35.264408
212.408373,80.310436,34.979847,37.171227
212.040987,80.901009,35.107380,37.631943
211.002348,80.607258,35.519878,36.524437
211.787579,81.151558,34.891068,36.485123
211.142870,80.748270,34.947269,36.241970
211.473570,80.957933,34.578838,36.720455
211.282698,80.682688,34.730862,35.901974
210.597897,80.189886,34.817139,36.477757
210.184551,80.457962,34.820694,36.722626
210.039270,80.821358,34.835102,35.791641
210.778986,80.771471,33.746571,35.856945
209.689516,80.926170,33.564472,35.870682
209.574200,81.251484,32.957352,36.732735
209.286846,81.542480,33.619232,34.643524
208.542336,81.755163,33.683418,36.413654
208.822926,81.805696,33.620667,35.234921
208.436520,81.583635,33.607559,36.419659
208.573816,81.351639,32.993351,34.971252
208.123400,80.937422,33.493702,36.265537
207.873150,81.297920,33.317169,35.769852
207.656977,80.971054,32.554157,35.797684
207.966860,81.113167,33.366825,37.131653
207.810020,81.803608,31.947075,34.570900
207.318186,81.504559,33.191380,35.294533
207.428175,81.212229,32.980145,35.664959
207.145111,81.184471,32.542961,36.344604
207.605465,81.418867,33.212570,36.447498
207.550913,81.402508,32.041615,34.632668
206.339825,81.054152,34.195618,36.495487
207.679098,81.025068,33.279415,36.366825
207.605663,81.225161,33.397293,35.889172
207.186958,80.901102,33.190239,35.500576
207.352831,80.168407,33.553974,36.939400
207.481470,80.988939,33.068867,36.046825
207.523769,81.280416,33.537231,34.486683
207.976767,80.954195,33.799313,36.551083
209.110861,80.894690,34.563885,35.040028
209.660025,80.577997,34.835964,36.707211
209.919897,79.998034,34.794918,36.577801
209.983408,79.627037,35.028172,37.478210
210.608349,79.210609,34.969406,37.514008
211.035744,79.661612,34.732063,36.194340
212.283367,79.057825,34.476715,35.138103
211.992292,78.920527,34.400738,36.000195
212.453211,79.557434,34.220814,37.407288
212.972425,79.526903,34.093334,37.225735
213.217428,79.079613,34.146587,37.294266
213.837549,79.226460,34.056232,38.088844
214.563379,79.134811,34.276646,37.386002
214.530254,79.177614,33.993591,37.483166
215.119593,79.534870,34.079273,37.966118
215.561869,79.347824,34.412540,36.699081
216.259729,79.652618,34.269932,36.619781
216.799110,79.972145,34.539391,35.247681
217.014864,79.758469,34.699467,34.361282
217.524734,80.690571,34.434090,33.856773
218.411198,80.323235,34.465973,34.737122
218.884989,80.743334,34.530262,37.018566
218.855665,81.197887,34.963039,36.663948
219.322124,80.520124,35.182327,36.184422
219.832869,81.389807,35.019176,36.236286
218.102381,81.569622,36.563740,35.560951
219.732733,82.094685,34.841305,34.965660
218.859352,81.759199,36.062248,35.037785
219.280319,81.649378,35.867531,35.703701
218.017885,80.606888,36.885990,36.186340
218.159700,81.049755,36.310932,36.621208
216.839588,80.581221,38.090637,36.990757
218.449076,79.435246,36.389408,37.385170
216.155039,80.436859,37.833210,36.655762
218.699482,80.171440,34.726562,36.764374
216.181128,80.030445,37.270580,37.055504
218.165094,79.717659,35.611149,37.363007
215.479853,79.950243,38.025043,37.743008
218.160860,79.178020,35.540455,37.645454
215.255939,79.118969,38.342377,36.794899
216.484928,80.212107,36.506393,36.835461
215.976690,79.842438,36.975048,37.169312
216.577404,79.397999,36.142181,37.194481
215.479025,80.206503,37.399822,37.784977
216.416651,79.043303,36.041355,37.587696
217.984716,79.990742,35.157970,36.883842
215.581366,79.957174,37.278423,36.680866
219.023064,80.653948,33.726372,36.663616
216.303923,80.605507,36.635723,36.533569
216.630411,80.395851,35.830372,36.628220
217.268787,80.340837,34.840332,36.658504
216.800167,80.739407,35.237747,36.506065
216.413525,80.368464,35.879944,36.496929
216.308712,80.688759,35.351791,36.264252
216.166395,80.306067,35.606960,36.387516
216.215023,81.037668,35.036621,37.304790
216.628223,80.485640,34.949585,36.985462
215.911894,80.701441,35.739666,36.041256
215.741968,80.654106,35.409290,35.884491
216.371880,81.009075,34.311470,36.537727
214.972425,81.361591,35.831142,35.986473
216.129908,81.252758,34.451115,36.323036
215.859550,81.486362,35.003075,36.475777
216.694132,80.976620,33.891224,36.328514
216.627338,80.344469,34.181763,36.484921
215.323864,80.821741,35.259521,35.852627
216.348993,81.217028,34.392109,37.347424
215.298294,80.739883,35.099144,36.154388
217.549852,81.851471,33.138096,36.573380
217.033358,81.999477,33.616840,34.942619
216.241840,82.225819,33.802063,35.740059
214.482843,81.877039,35.702869,35.724834
212.995262,81.511595,36.857780,36.749836
214.665371,80.256680,35.412003,36.313087
215.394384,80.383011,34.838268,36.201935
215.499443,79.717886,34.617836,35.212330
214.754412,79.468588,34.511143,35.601902
214.413582,78.509342,34.519997,34.287682
214.172920,78.369198,34.435616,32.894829
214.029724,79.342625,34.380928,33.111732
213.736916,79.221270,34.233284,33.691494
213.692669,78.720619,34.287430,33.714691
213.610666,78.205708,34.140720,33.211998
213.603069,79.396675,34.127350,33.277359
213.618088,78.502016,33.945229,32.395763
213.180696,79.357255,34.054081,31.856199
213.041548,78.981779,34.240322,33.458866
212.847994,78.344881,34.411015,34.417233
212.543562,78.357246,34.301250,34.919418
212.722723,79.339128,33.947247,34.185818
211.905148,78.764971,34.574463,36.257717
212.400461,78.666191,33.808857,38.802551
212.536451,78.617620,32.626125,36.249012
211.618303,78.839365,33.859974,37.844830
211.488491,78.717083,32.971222,38.702110
212.004776,79.004375,33.752312,38.317253
211.660402,79.060949,33.640903,38.042454
212.520388,79.149885,34.001438,37.390537
211.368805,78.736359,34.254646,40.495132
212.069103,79.117519,33.844147,36.714638
211.868860,78.913874,33.894276,40.241711
211.415573,79.298992,34.677971,39.571846
212.171026,78.893208,34.205410,39.163628
211.340160,78.926977,34.233871,37.727665
212.339134,78.222004,34.268333,39.093819
211.707199,78.401424,34.106483,42.325737
211.486540,78.469658,34.316311,39.759033
211.815708,79.154041,33.818420,38.256615
211.764879,79.132069,33.630939,38.460869
211.338633,79.241884,33.790501,40.773724
211.282644,79.484518,33.949474,37.219990
211.412937,78.545740,33.550369,39.010784
211.390890,78.929342,33.200161,38.237888
211.824146,78.827892,33.559479,38.507240
211.508945,78.765884,32.892624,35.959213
211.834764,79.147427,32.707157,35.958839
211.709719,79.357386,33.158802,36.462734
211.808706,78.744030,33.776836,38.121986
210.774214,78.286367,34.348217,39.409809
211.430864,78.600344,33.954762,40.070171
211.126928,78.819918,34.422207,42.899990
212.488258,78.440865,32.441917,37.586990
210.944561,79.224243,33.908524,44.484177
211.733992,78.702806,33.657253,39.259777
212.245354,77.567226,31.855827,36.237511
211.421568,78.732302,33.694210,42.058086
211.610561,77.834124,33.177902,38.973171
212.301596,79.214613,32.864834,42.337055
211.589661,78.362343,33.152534,40.161636
211.703663,79.216753,33.271484,43.773006
212.547884,77.742981,31.823383,39.413742
213.275043,79.085098,32.022385,42.328690
213.218500,78.381519,32.291065,39.724800
213.562260,79.510849,32.187729,42.115112
210.828186,79.972219,35.874062,48.015141
211.646744,79.031414,33.979546,40.926552
213.309230,78.759504,30.777636,33.953968
212.003096,78.884491,32.782269,41.335083
211.739727,78.879200,33.990005,46.532845
211.179655,79.872286,34.114544,46.975628
209.786570,79.810715,35.655293,48.525208
210.542362,78.425760,35.281952,41.676739
212.098570,78.563791,33.433849,38.753551
211.481813,78.197147,33.155323,42.627235
211.731384,78.648857,33.451286,40.323257
211.989830,79.257353,33.227501,39.167622
211.933523,79.264822,33.137341,38.856281
210.965734,78.977898,33.774197,38.290070
211.447683,78.768164,33.709957,42.025318
211.832117,79.082190,33.238911,37.451649
211.739479,79.003555,33.934364,40.518707
211.705444,78.516756,34.040367,39.436642
211.863214,78.390701,34.162006,40.175034
212.331211,78.502508,33.947876,40.427052
211.106384,79.028515,34.630348,39.588463
211.744072,78.647511,34.030174,40.388618
212.261866,78.403654,34.083225,39.763737
212.045778,78.582520,34.263676,40.475494
210.959366,78.997740,34.620232,40.183811
211.512236,78.523758,34.582958,41.623322
211.239870,78.503048,34.863453,39.660362
211.502268,78.315266,34.934330,39.362572
211.491764,78.746778,35.054199,38.564259
211.144508,78.405918,35.056877,37.271477
211.099312,77.816124,34.856041,37.385025
210.968916,77.983025,34.550640,38.271133
210.987293,78.254459,34.596191,37.931877
210.162981,78.234888,34.693989,37.240490
209.677744,78.431644,34.172947,37.908562
209.491823,79.188360,32.941074,36.751972
208.990509,79.011200,33.923347,36.583374
209.395956,78.782227,33.830837,37.387817
208.445446,78.922577,33.763840,37.516953
208.207659,78.919180,33.818333,37.929783
208.103378,78.879992,33.942192,37.900784
207.916695,78.610893,33.965385,38.277466
208.312649,79.073004,33.913284,38.261662
207.090485,78.319815,34.012581,38.419849
207.329958,78.478319,33.434544,38.405285
207.536991,78.226151,33.275223,38.565033
207.496433,78.082693,33.437943,38.558506
207.699213,78.844610,33.274372,38.481678
207.516085,78.768036,33.530781,38.579910
207.349203,78.772293,33.556377,38.552185
207.041311,78.643360,33.530499,38.714272
207.044458,78.258226,33.298298,38.713604
206.313959,77.982029,33.176762,38.709953
206.619774,78.477699,32.964912,38.572937
206.039888,78.873440,33.152882,37.908791
205.794619,78.879391,33.114735,37.505821
206.217785,78.817879,32.777527,37.331116
205.946003,78.873505,33.321365,38.548294
205.735224,78.675219,33.359058,37.575909
206.807360,78.766041,33.362843,38.071342
206.589325,78.380787,33.187813,38.102104
206.407896,77.921425,33.458965,37.650574
207.107733,77.822779,33.596416,37.538662
207.534592,78.241840,33.776619,38.591621
207.213280,78.573427,34.404778,37.902859
207.551867,78.973560,34.356556,37.447746
207.516396,78.771254,34.163979,37.222630
208.309795,79.204998,33.906906,37.233437
208.209494,79.914087,34.093227,38.042889
208.736010,80.298061,33.852009,37.148415
208.735325,80.633940,34.454193,37.393284
209.956057,80.437374,34.198124,37.952538
210.805731,79.881721,33.919445,38.514465
211.396296,79.889898,34.239750,39.631336
210.518719,79.817442,35.084717,40.088505
211.030874,79.738668,35.094997,42.274876
211.041683,79.783216,35.835968,42.938786
211.273117,78.869497,37.102654,44.697849
212.215675,79.101341,36.148247,45.051758
212.897919,79.265762,35.892509,46.092072
213.452429,79.245214,35.569790,44.561649
214.343571,79.547066,34.617722,40.999298
214.147306,79.701599,35.141216,35.561234
212.768860,80.933552,35.778435,35.599617
214.043854,80.712986,35.109978,36.288383
213.587683,80.935543,36.034740,34.985130
214.508600,80.366011,35.295673,36.135685
214.944508,80.591814,34.553818,35.795635
214.771833,80.942732,34.841839,35.943012
214.589323,80.471886,35.655376,36.513275
215.700888,80.575586,34.408062,36.772747
215.978260,80.858662,34.351547,36.897392
212.717699,80.337086,37.029072,36.284660
214.441166,80.357815,34.730194,36.934395
213.828045,80.176392,35.513184,36.638824
214.486778,80.540850,34.647194,36.562267
214.711123,80.882341,34.462498,36.697536
212.897165,80.519331,36.606068,36.017124
213.915327,80.140720,35.012447,36.191032
214.227121,80.389193,34.327045,37.042217
213.888706,81.021854,34.574615,36.937050
212.833258,80.474232,35.560390,36.308037
213.186548,79.993540,34.957233,36.494320
214.164389,80.148100,34.145336,36.464527
214.072384,80.678375,34.117172,36.327972
213.022610,80.530294,34.644424,35.912571
213.387157,80.453789,34.611206,35.510849
213.254143,79.935366,34.638542,35.378689
213.311823,80.125540,34.286335,35.784595
212.847403,79.466568,35.031109,35.521530
214.124243,79.394279,34.143383,36.098709
213.105259,79.035934,34.833572,36.883957
213.662947,79.247349,33.992672,37.375679
214.315113,79.402220,34.073425,36.864063
213.922215,78.574362,34.818329,37.633198
213.432930,78.357412,34.622734,37.954273
213.478462,78.578094,34.311150,38.339264
213.001961,78.529644,34.590508,37.523262
213.050266,78.286547,34.361435,38.054256
212.804714,78.330484,34.388412,38.141186
213.236156,78.594032,34.543045,38.265228
212.024258,78.700752,34.701950,38.267426
212.534029,78.845171,34.786472,38.293301
211.711878,79.370413,34.952488,38.027760
211.555044,79.604620,35.259701,38.556797
210.977434,79.836336,35.503315,37.664837
210.281107,80.590185,35.663929,38.076130
209.326962,80.553658,36.111374,37.089890
208.546452,80.724659,35.901413,37.683006
207.486923,81.481220,36.748238,37.355965
