139.000000,94.000000,59.000000,42.000000
138.558338,91.850891,59.403084,43.268341
137.985205,91.091646,59.822742,42.932430
138.994833,89.980474,59.166599,42.955326
138.157265,90.335655,59.618515,42.465637
139.039820,88.810379,59.180782,42.982697
138.797754,89.435427,59.446255,43.003445
139.193298,89.145435,59.292145,42.689857
138.951904,89.016237,59.288757,42.372066
139.220018,88.503422,59.219891,42.113228
138.926302,88.013340,59.343410,42.614189
138.821527,88.305536,59.289974,42.422497
139.564558,86.503077,59.183903,42.430447
139.321280,85.894735,59.194599,41.989750
139.674484,85.030777,58.619873,42.366913
139.599129,85.000805,58.603851,41.659019
139.539276,84.303686,58.591019,40.723698
139.998314,83.816212,58.836212,41.216438
140.462341,84.087687,59.622437,41.932949
140.877979,83.592026,59.594673,41.752167
141.419672,83.880297,60.147701,42.636074
142.136103,82.116032,59.974056,43.558250
141.644094,83.096701,59.735218,43.182194
140.526306,83.444897,59.345245,43.245003
139.266310,84.473207,59.603184,42.934643
137.728851,86.723660,59.542664,42.242088
136.816389,86.718790,59.310658,42.600155
136.120504,85.882977,59.376820,42.687614
134.159746,85.352886,59.545986,42.695457
132.950617,84.773335,59.892742,42.709770
132.098257,84.908512,59.991077,42.605034
129.826967,84.680317,59.786602,42.550835
128.776602,84.755098,59.522343,42.405758
127.731880,85.264669,59.522659,42.164555
126.049807,83.968916,59.629528,42.282337
125.153961,83.178183,59.742523,42.492268
123.278330,83.526463,59.985210,42.358192
122.065031,82.801886,59.615330,42.431507
120.130779,83.619167,59.949852,42.021523
118.639395,84.022503,60.149235,42.036095
117.707331,84.125208,59.760845,42.253414
116.510212,84.943754,59.377296,42.083073
115.927296,85.314142,59.200478,42.027126
113.622713,86.286016,59.329479,41.867100
113.415609,86.472006,58.954014,41.974766
112.058470,85.947580,59.172611,41.994167
110.092749,85.909824,59.138935,42.019417
109.226566,85.568779,58.922523,42.046051
108.191319,84.347284,59.067757,42.242046
107.372107,84.931135,58.955860,42.205204
106.648029,83.597538,58.980400,42.424309
105.565920,83.513607,58.983532,42.130653
105.216728,82.362005,58.708435,42.497929
103.980139,82.574400,58.442081,42.255695
103.299574,83.467463,58.585300,42.122112
103.009251,83.697231,58.547432,42.162529
102.247044,84.483789,58.290611,42.043545
101.903942,84.446409,58.932045,42.176777
102.250929,84.232254,59.232868,42.079773
102.215113,85.480196,58.582806,41.964931
102.603598,85.629719,59.016163,41.951134
103.424229,85.483463,59.085442,42.037193
104.205009,85.599369,59.049164,42.193748
105.075384,86.027937,59.011112,42.121540
106.143709,86.634233,58.977306,42.060650
107.357563,86.529112,59.037209,42.279804
108.655518,86.659782,59.126938,42.243393
109.997135,87.145229,59.197990,42.099388
110.357424,87.796406,59.481411,42.390816
111.622400,88.106438,59.378551,42.232498
113.312479,87.271654,59.431103,42.181423
114.448099,87.595594,59.517895,42.254658
116.149164,88.029650,59.585323,42.171444
118.698565,87.096102,59.600124,42.486080
119.744072,88.694710,59.647247,42.318604
120.266489,89.089029,59.945599,43.069576
121.300879,88.447767,60.066959,43.495090
121.313330,88.931732,60.405277,44.364746
121.461884,89.381367,60.616882,45.199562
121.953140,88.894939,60.861465,46.267174
122.644747,87.969612,61.212627,46.872818
122.861876,87.965918,61.149952,47.602070
123.053932,87.042557,62.170868,49.516876
122.423702,85.806992,62.934853,52.155441
122.397474,85.252810,62.274509,52.591213
122.644188,84.540022,62.881836,53.503422
122.273291,84.479538,63.093266,53.132706
122.634758,85.166740,63.713974,52.891144
122.885393,83.467220,63.953289,54.573097
123.653080,82.418324,64.146004,54.879433
123.117840,80.393923,64.392281,56.674129
123.190384,80.677004,65.283218,57.796932
122.994473,80.793289,65.490211,59.072617
123.274445,79.799097,65.840836,60.888332
124.294498,80.403130,65.483940,60.623703
124.395111,80.851454,64.609070,61.377033
124.751823,80.653727,64.795105,62.636837
124.891014,81.308746,64.060120,63.185928
125.999365,80.504427,63.781559,63.026745
125.398071,80.061716,63.425995,63.732143
125.148077,81.612701,63.530033,64.852798
126.230917,81.430027,62.896702,67.329842
127.245419,81.057285,61.956444,70.458015
127.725613,82.590340,61.193687,69.646240
129.213655,85.016960,60.915569,69.201935
128.755064,86.299507,61.238239,68.579773
130.129364,87.250599,60.549728,67.422615
130.638287,87.742470,60.402306,67.447510
130.125109,87.847725,60.700649,68.441071
131.790361,86.904629,59.887264,68.656334
131.248367,86.395184,60.321991,68.302498
130.548307,86.592178,60.113331,67.573029
130.707174,87.539551,59.729847,65.531433
130.734983,87.584770,60.126225,64.084625
130.948593,87.843126,59.920166,62.377560
130.974285,87.223167,60.022423,62.063370
131.326262,87.158327,59.406635,63.106167
131.161114,87.998343,58.460930,62.301548
131.841688,88.094652,58.449390,62.056576
131.293356,88.394823,58.475437,61.089184
131.690414,88.678780,57.598938,60.390305
133.132484,88.819784,57.141861,59.473148
133.885372,88.859419,55.029243,61.594547
134.626966,86.803905,54.629230,64.134041
135.447744,87.116587,54.126637,63.466534
135.766760,87.836823,53.408009,62.464813
136.880779,86.985910,52.952309,62.044094
136.711893,85.877859,53.125744,62.705296
136.329578,85.843407,53.374306,62.599731
137.448994,86.276432,52.227959,62.095375
137.166800,82.601833,52.226398,65.222755
138.458727,81.180130,51.526073,65.434845
138.559597,80.661705,50.949791,64.881134
139.652239,79.913136,49.806469,64.073799
139.660702,79.644020,49.902077,62.722321
140.226860,79.059711,49.832733,61.886986
140.429554,77.796947,50.775871,61.380119
140.551390,76.904860,51.483601,61.374638
140.712189,74.992273,51.717682,61.687420
141.095869,73.335432,51.923771,61.611835
142.148943,71.875250,50.904308,61.741276
143.120712,72.461823,49.118454,61.094513
143.523714,72.158957,45.491497,59.921207
143.386320,71.622450,43.786045,59.547321
143.032286,71.386412,43.358585,59.794788
142.927578,71.739227,43.007149,59.127136
144.027767,72.578318,42.617149,57.944500
143.956078,72.047857,42.427780,58.589024
145.160540,70.693092,42.214672,60.233246
146.103209,69.810102,42.926640,61.206364
145.979485,70.324268,43.814407,61.665947
146.253294,70.887402,44.490803,60.988853
146.686352,70.990505,43.915581,60.806099
147.567488,71.569578,43.424137,60.291538
148.060244,71.796085,42.916607,60.099327
148.135130,71.208216,43.325428,59.837292
148.782991,70.847486,43.448940,60.502979
148.742075,70.348948,43.583157,60.599209
148.876850,69.383474,43.996544,60.350544
150.579756,69.123642,44.122288,60.850388
150.400475,68.897419,44.512604,61.044334
152.068939,69.296873,44.459503,61.709629
153.175768,69.725531,44.690868,62.549870
152.165009,70.118027,45.305832,62.425552
153.318237,70.033264,45.434250,61.992935
151.997078,69.932791,46.147171,61.946293
152.678139,69.976517,46.139923,62.385483
152.939060,70.046885,46.373756,62.412319
152.805243,70.663748,46.351307,62.455036
152.902979,70.612944,46.182232,61.881428
152.775927,70.517979,46.124035,61.414589
152.906210,70.562244,45.845524,61.341591
152.148949,70.677195,45.855057,60.925259
150.962452,70.849413,46.012672,60.741634
149.744600,70.896416,46.128994,60.532974
148.738235,70.644659,46.260178,60.961536
148.291353,70.290419,46.687328,61.349125
146.730768,71.048988,46.049267,61.736237
144.778498,70.851627,46.021862,61.139641
143.179041,71.016987,46.396221,61.170174
141.491438,70.906130,46.241932,61.394360
139.391893,70.910444,45.892071,61.668674
137.557714,71.422358,45.690800,62.070766
136.216934,71.757040,45.546844,62.258945
134.318426,71.600155,44.931950,61.507301
132.744453,71.373377,44.894043,61.967281
130.756851,71.433311,44.057770,61.758652
129.404551,71.504362,44.555706,61.708332
127.243626,72.035954,44.489006,61.535286
126.241890,71.615116,44.981384,61.259605
124.163937,71.868370,44.373421,61.369949
122.363758,71.638218,44.349358,61.482674
120.822548,71.424276,44.471588,61.453205
119.428892,71.571819,44.714466,61.491783
117.826956,71.714909,44.686436,61.226768
116.806604,71.654959,44.632290,61.099445
114.885437,71.086214,44.507751,61.007046
113.317492,71.135027,44.844494,61.465313
112.269524,71.353296,45.149078,61.326550
111.029179,70.704931,44.996239,61.195515
109.165409,71.554590,44.936760,61.493343
109.004833,71.169842,44.453438,61.175011
107.773806,71.500586,44.533840,61.396885
107.850880,71.430729,44.367485,61.294167
106.855474,70.959702,44.293888,61.130249
106.773123,71.111923,44.449894,61.114456
107.622475,71.386772,44.052383,60.761978
106.894497,71.406898,44.549202,60.563187
106.538445,70.641239,45.221268,60.537468
106.306974,70.492613,45.933475,60.550465
105.624912,69.922562,47.649147,61.275375
105.373636,68.649780,49.409054,62.518433
104.716452,67.940414,51.053577,63.983597
104.794100,67.227211,53.138042,64.425766
105.426857,66.149559,54.629578,65.203201
106.058289,66.002487,55.551208,66.333755
106.325024,65.196892,56.773796,66.520660
105.793247,66.293346,57.484520,66.903694
106.873722,66.574612,58.554359,66.289070
106.957083,66.252346,59.814350,66.091423
106.956347,66.747608,60.448559,66.755974
107.224518,67.356773,60.580017,65.806992
109.110424,68.503742,59.615440,64.018730
108.507130,69.445066,61.066200,61.732197
107.971098,70.734402,62.169270,61.519966
109.109671,71.071278,60.637455,61.285332
111.027084,71.486874,58.876373,60.163033
112.800699,72.308971,57.476971,61.397713
112.419685,73.196833,58.153458,59.934353
112.056679,73.718582,59.095367,59.178345
111.343044,74.831820,60.502174,57.909985
110.657532,75.681185,61.587814,56.864925
110.432550,75.869177,62.322750,54.619587
110.697821,75.256895,62.183918,55.938648
111.542650,74.571478,61.671703,55.420506
112.885275,73.649200,61.554920,56.445602
112.848261,73.238724,61.391888,56.030518
114.320072,73.117689,60.595055,56.350803
114.015339,73.635323,60.622505,55.822708
112.962669,73.566824,62.007736,55.928516
112.889933,72.826258,62.691402,56.087322
113.973806,73.003860,62.087605,56.214447
113.512291,73.237707,61.850189,56.121174
113.806747,73.758879,62.728653,55.847660
113.635605,74.018770,62.058533,55.033550
113.630932,73.366669,62.074806,54.043686
112.960266,74.268429,62.876633,54.624184
112.901279,73.858030,62.935158,53.750477
113.503210,73.561569,62.627842,53.517868
113.642757,73.394527,62.438377,53.759758
113.092337,73.453852,63.248127,53.474026
113.246466,73.548241,63.760197,52.437454
114.064137,74.704739,63.098534,51.743858
115.721317,75.681822,61.266396,51.035618
116.696447,76.065611,60.561756,51.112659
117.019331,74.583241,60.563892,55.470100
117.213774,74.827789,60.209965,56.080109
116.676737,74.355291,60.312038,56.979481
116.858753,74.591490,61.049110,56.790623
116.950138,74.402500,60.832771,57.121132
116.106688,74.526741,61.768192,59.164764
114.383358,74.891989,63.227043,59.782551
114.368870,74.812962,63.270119,59.184441
113.176785,74.542942,63.966179,58.955894
113.637926,74.681215,63.930691,57.885708
112.806408,74.217861,64.216866,57.435081
113.134693,75.010006,65.035973,55.789589
112.594952,75.422939,65.323997,55.230782
112.372555,74.576338,65.128426,55.688541
112.837425,74.728188,65.739838,56.334442
112.628387,74.570856,65.810593,56.550350
113.316006,75.118616,65.782799,55.764141
112.893539,73.985891,66.269180,56.136539
114.245350,74.221933,65.917961,56.210064
115.258331,74.014608,65.835495,56.197834
115.992168,73.401892,65.788094,55.901173
117.375999,72.513960,65.448395,54.501499
118.701153,71.999855,64.640739,53.331192
