38.000000,137.000000,40.000000,111.000000
38.783495,136.576408,45.734310,109.716049
40.522779,135.151970,46.476963,111.475540
39.490061,134.513245,53.214550,112.300598
44.501493,134.969433,51.832188,110.148323
46.234516,136.304371,52.994133,109.722893
49.377487,135.354744,54.536987,112.995468
54.334766,136.293709,55.501488,112.314896
63.093756,135.763603,49.481678,113.263260
69.417295,138.240067,48.684422,110.629059
78.396847,138.965641,44.588478,108.413109
84.696442,131.476341,46.472992,116.097733
90.405247,133.656414,46.723778,114.651253
89.449060,133.175625,56.148449,115.574318
88.697729,128.624340,62.993061,120.271065
94.263750,129.708206,63.041683,119.454742
99.762396,131.082584,60.935993,119.218376
108.435789,131.401768,55.451511,118.847771
121.198149,132.887020,51.863132,117.317757
134.840294,129.958790,47.560135,119.510643
137.894175,130.202213,51.628338,119.391502
140.272987,129.484844,54.359451,120.725288
141.910799,124.736950,56.075832,124.004066
146.028118,124.984634,63.652779,123.213776
151.030994,129.782543,66.889000,119.223915
159.060329,127.936123,60.807869,122.387032
166.886618,130.267174,55.762043,118.811844
177.734236,133.385799,48.122776,115.550819
190.626072,130.196827,45.206779,119.194817
201.083456,129.632820,43.048145,119.466599
206.326056,128.275879,42.302052,119.917633
206.495152,127.416397,49.935204,119.974640
209.753935,128.208858,59.536991,118.653267
213.828331,127.806889,67.055801,119.097984
220.654381,130.080093,66.439590,118.621155
227.620390,133.482403,59.580753,115.963844
235.686796,134.668831,59.860355,113.487320
249.604513,134.757710,50.645802,114.279198
263.677006,128.087276,40.606255,120.894539
270.239393,129.460835,39.066349,118.634026
274.742130,128.537655,40.836571,118.811043
274.833408,130.460506,47.063377,114.822029
279.906172,128.743076,50.834019,116.105492
286.766720,125.639835,50.585182,119.250725
293.644154,128.619823,45.878593,116.852303
302.025238,131.414200,38.953735,113.629150
308.104975,134.672359,38.128338,110.549843
317.482401,134.328255,35.251507,110.490738
323.487097,133.906986,34.329670,110.060829
325.466076,131.891666,38.445274,112.215096
326.897190,131.542103,48.066750,112.430672
329.840746,128.833897,53.031567,114.535744
334.015318,132.422199,53.892414,110.370186
338.649452,132.878078,50.596008,110.394707
343.478251,133.076447,46.963375,109.273178
351.152729,135.764996,40.389900,107.127159
355.326668,133.106403,39.940125,109.774178
356.478794,134.648575,41.968727,108.407150
359.154583,132.584553,43.286278,107.715065
360.405861,131.833355,43.939117,109.019066
364.889338,131.832489,42.254513,106.645859
368.598503,132.038982,40.552795,105.008080
372.113144,133.520485,40.014023,104.133453
373.293379,136.216816,41.749409,102.069923
375.433256,138.274441,42.667316,99.765343
380.158543,137.616806,39.276833,100.826157
386.717043,137.682545,33.857861,99.552528
387.158289,135.906254,36.899700,100.622292
387.975107,134.935860,37.591030,101.383057
390.147724,133.906902,36.839195,101.200447
376.717159,132.460323,50.519188,101.709496
371.122879,133.949730,57.706589,98.987030
375.267540,134.951244,56.225616,99.021111
382.486650,135.296711,49.236370,98.838387
381.521271,134.292858,50.769150,99.681084
394.609650,134.367748,39.421555,99.776695
393.127653,135.872486,41.129429,97.728844
394.423435,136.237938,38.990028,96.659058
391.465910,134.026539,43.469074,97.604805
393.607428,134.668121,41.211979,97.620468
397.237503,135.206181,38.503006,95.772087
400.933754,135.312527,35.083710,94.660606
403.900431,137.588310,33.363125,92.708099
403.925547,136.710880,34.324047,93.926338
405.400137,136.311516,34.258015,92.843399
405.920223,135.906292,34.300102,92.875435
406.985844,135.889652,33.787285,92.481163
407.415173,135.854195,33.537758,92.150009
407.303120,136.267128,33.929146,90.979401
408.649696,136.681873,33.787582,89.875847
408.191614,136.600086,35.131268,90.011375
409.527283,137.446674,34.413681,89.068123
408.431389,138.425346,35.037338,88.204636
408.968632,139.130478,33.420998,87.145020
408.299281,137.428154,31.592142,88.300140
408.379914,135.763351,31.524031,89.129089
408.372350,136.075378,30.593801,87.981720
408.498837,135.471783,30.888647,88.955040
408.983613,135.106194,30.731062,87.590500
408.681409,134.703812,31.490072,87.078140
410.070755,135.400459,30.852646,87.667862
409.027395,137.706852,32.369617,84.693108
408.245682,137.601627,33.697922,85.398994
406.833254,139.129795,33.320843,82.842934
407.584057,138.846581,32.632500,82.653061
406.610264,138.216133,33.245735,82.420181
406.492620,137.253609,33.103474,83.335281
405.359348,137.411430,33.223701,81.903397
405.777033,137.285259,32.205746,81.143929
404.508133,139.341522,32.276443,79.509094
404.178779,139.122261,31.137911,79.129608
403.196663,142.166588,29.988663,76.486481
402.242004,142.738182,28.546997,76.012772
401.408127,139.473755,27.815399,78.893356
400.592097,141.122021,28.601526,75.791237
397.623760,140.266800,31.290398,76.341507
396.675072,141.279995,31.388931,75.602852
395.030715,141.288525,31.784548,74.969704
393.498758,141.651237,31.498425,74.015366
392.042371,143.150253,31.789251,72.207916
389.413431,144.324192,31.421825,71.423637
387.658723,144.779503,29.441954,70.069412
385.023198,143.817974,29.162573,70.610771
381.934855,143.047436,29.789942,71.629173
380.175983,142.370354,30.626305,72.604919
377.647507,141.855984,30.749619,72.090446
374.918754,142.466209,30.145571,71.281250
374.329731,143.064178,28.062462,70.220169
372.492850,143.924706,26.213793,69.210464
370.944484,144.735176,23.606501,67.875824
368.659476,144.585014,23.875994,67.477097
364.813825,140.265018,26.686819,71.333687
360.930160,137.828335,29.447405,74.279305
357.075903,137.542244,32.028431,74.430405
354.810177,138.821697,32.141258,72.062126
352.114637,140.769569,32.727009,70.512634
350.707814,139.122429,30.947088,70.863205
347.905371,142.052597,30.768620,67.664871
345.908550,145.170959,27.254738,65.169617
342.213026,144.825714,26.378223,65.330978
337.964542,143.887123,28.488914,65.635681
335.654963,143.027454,29.100245,66.781578
333.180694,142.608761,29.405367,66.612633
331.357236,142.197689,28.979635,66.016624
329.151912,143.036987,28.569773,64.939590
326.248447,144.067497,27.114449,64.093643
323.467636,144.677765,25.615570,62.887878
319.621685,144.896492,23.602837,62.413300
317.211828,145.296970,24.027988,61.668114
312.745968,144.689087,26.894173,62.054382
307.699522,143.298506,30.372547,63.376575
302.996456,140.720654,33.241432,65.566124
300.700359,141.475777,33.118233,64.048615
298.092224,142.235661,32.541550,63.408455
295.749920,142.984312,31.915169,62.573277
293.008446,141.883392,30.068985,64.249512
290.764908,143.276470,26.135941,63.078041
287.404781,145.019339,24.950859,61.577412
284.321676,144.539415,26.341221,61.712063
282.203044,143.269554,27.573145,62.601074
278.071132,141.752277,29.136362,63.945030
274.560583,142.545809,29.889866,62.461620
270.025265,141.914433,31.196983,62.526787
267.759529,141.251814,29.787628,62.901707
264.508728,143.212912,27.517242,61.091633
261.988096,143.367050,25.119877,61.580261
258.842216,145.722206,22.861391,58.867950
254.859795,144.461267,24.426376,59.326000
250.130214,143.768244,27.588404,59.889080
246.962969,144.342472,29.571133,59.623375
242.832611,143.619238,31.032181,60.136433
238.423248,144.001225,32.006958,59.505379
235.882699,143.552225,30.954893,60.361858
230.845703,144.721462,31.144730,58.961479
228.530790,144.838980,26.909901,59.296757
225.275950,144.830700,23.561869,59.371529
219.425148,141.042130,27.662384,62.158844
215.108821,140.939409,30.921824,63.510647
174.949959,134.472122,77.127640,82.977585
153.926666,129.523827,54.643311,120.440857
164.252005,129.015419,53.851093,120.896149
169.499847,133.000191,52.628784,116.323975
174.093918,123.957706,55.666870,124.672340
175.611984,122.315727,60.788147,126.826538
178.323109,118.933228,62.417564,129.267471
180.892733,122.698223,63.046169,124.856926
184.543079,127.088741,62.562981,119.813011
190.943014,131.412773,60.174274,117.253601
196.575733,128.542603,59.810234,119.334854
205.650843,123.652092,57.703777,123.934692
213.300608,123.053795,53.481335,123.741974
215.278709,123.577656,56.951004,123.474892
216.860861,125.917576,59.464039,122.082741
217.032021,124.013027,64.341049,123.296806
219.446800,122.572205,66.082108,123.508896
224.793007,121.875973,65.462784,124.927513
227.618019,124.025986,67.054276,122.922531
233.698349,123.889336,65.585571,122.869659
242.007685,125.122471,60.849895,121.313972
248.438358,125.160275,58.290489,121.175316
251.760258,125.855625,58.811974,120.024086
255.502083,125.219433,58.495316,120.691521
258.996822,125.941616,58.135262,119.241142
262.638380,126.849564,56.620029,116.880936
266.420635,130.384346,54.837868,113.877045
271.236721,126.058559,55.572548,117.723442
277.273523,130.334766,51.187328,112.949287
282.286961,129.113705,50.960747,114.981407
287.138910,128.125088,50.073925,115.267906
292.415398,128.804249,47.819107,114.781715
293.405720,128.482380,49.581505,114.679024
295.146015,126.784126,52.496452,115.650787
297.417339,122.868187,55.086098,119.374786
300.959141,126.868355,55.658318,115.392944
304.165516,126.276318,55.732872,115.145744
309.563969,128.414845,53.267632,113.260902
314.076366,127.259594,51.560493,113.645134
317.753580,128.602390,51.433941,111.923683
320.274326,128.180317,51.715965,112.133675
322.785282,125.447311,50.886406,114.900925
327.226536,128.456123,47.118706,111.661621
330.553667,129.557411,46.865108,110.190796
333.594793,131.187340,46.035328,108.348511
335.227242,130.408794,48.758926,108.236229
339.035881,134.259373,46.182053,103.693031
342.189913,131.944065,45.555996,106.126320
347.468765,131.605534,42.903198,105.983498
351.070206,130.500786,41.860626,107.937012
353.527033,131.370590,41.072826,106.769424
355.335516,131.882122,40.827351,105.664146
357.223085,131.902988,42.544888,105.062355
359.753481,128.611240,43.296749,108.576424
360.847700,130.349480,44.126286,106.593384
363.219126,134.779907,43.745129,101.872696
364.085384,131.352459,45.509102,104.479393
365.005951,132.205944,45.058685,103.008812
367.071722,134.940372,44.724354,100.594795
369.397150,128.150249,44.813641,106.031700
371.647003,133.287563,42.202271,101.160851
372.774477,134.327648,42.504971,99.681694
374.016483,136.288521,41.962517,97.640350
376.654158,136.050625,41.918766,96.512566
377.556309,134.799007,41.685143,97.990959
380.489262,137.925434,40.229332,94.298012
382.380440,137.932861,40.267578,94.041763
386.267403,136.962070,37.242783,95.871315
388.117805,136.551003,36.894592,95.329712
389.292559,133.816814,36.946712,98.628502
391.665098,129.267715,35.944477,102.861938
390.315851,128.137344,39.261669,103.069031
391.599735,129.467205,39.298851,100.714287
391.396624,131.942287,37.934032,97.964104
392.164742,140.215237,35.522385,89.232170
393.314745,135.525856,37.077221,94.003891
393.557840,136.255543,36.740215,93.550331
394.445120,134.480328,37.242008,94.091942
394.274704,134.969566,37.570419,93.778915
394.633839,135.903934,37.393440,91.848808
394.403439,134.085114,38.846581,94.043503
394.661335,138.440346,36.004494,88.911011
395.242891,134.579849,38.872631,92.887634
395.685053,137.941284,37.407757,88.374878
397.186941,133.547966,38.367100,93.045151
400.342726,129.908607,37.053989,96.215469
401.280918,129.178715,37.483925,96.262657
400.061251,129.473930,37.313961,96.221146
400.079630,129.827831,37.218761,94.971687
400.957228,130.341766,36.861820,94.682739
402.025854,131.082771,35.814716,93.463715
401.195715,133.171143,35.050571,90.741592
400.979446,132.695801,36.206299,90.209305
399.937092,134.402084,35.258430,89.425140
401.161299,133.573353,35.307880,89.550560
401.208130,132.938728,35.220657,90.050583
400.491444,132.681164,34.907707,90.385963
400.818008,132.855110,33.528427,90.039139
399.106310,132.361393,33.084225,89.914818
397.603868,133.008835,34.651348,88.682220
395.091805,135.017563,35.727081,86.878433
395.454927,135.821804,35.489910,85.617683
394.709906,136.665955,34.202122,84.074875
398.385653,135.352081,30.680796,85.594482
395.888700,134.182545,32.030231,86.129723
395.986687,132.777096,32.124252,87.426506
394.529970,134.829094,30.763103,86.014114
395.239883,132.217079,30.100220,87.423859
393.951743,135.235325,30.291811,83.705391
392.573472,139.001980,29.237898,79.421669
389.618153,140.687172,29.757301,77.540939
388.606189,138.166309,30.745478,80.140251
388.902491,140.206348,29.602825,77.545540
389.315956,139.881138,27.427353,77.910622
389.175791,139.212631,25.885571,78.724472
388.418169,133.576057,26.446774,83.542587
386.975675,134.372704,27.964666,82.920517
385.663968,134.996487,28.508780,82.608299
383.395821,137.099747,28.913071,79.510773
380.041714,142.349072,30.013313,73.431892
378.409493,139.901066,30.356031,76.894447
376.459669,136.889824,30.403095,79.653259
379.415331,135.971367,26.068508,79.909775
376.626968,136.653263,27.231049,79.831474
374.411997,135.064644,27.967052,80.646515
373.539570,134.570686,28.624123,81.194717
371.985221,134.371502,27.886553,80.579887
370.346022,133.704910,27.249577,80.870605
368.457201,134.428680,27.255047,80.394836
367.750955,134.009117,26.043089,80.397812
366.603799,135.026493,24.699293,79.704094
364.511277,134.549641,26.136564,79.095314
361.470709,134.596409,27.631382,79.612831
360.182105,135.383728,29.096437,78.546143
356.884550,134.634960,30.719715,78.987892
356.218380,134.620609,30.965462,78.981911
353.696844,135.113998,31.775608,78.446579
351.963207,136.642319,31.477776,76.619629
349.367765,137.009418,32.197086,76.536385
348.334767,137.095291,30.279165,75.295624
346.301377,137.646408,28.645536,75.187622
344.625307,137.278435,27.857265,75.341888
343.239195,136.686687,27.342747,75.491508
342.553268,136.535831,27.260056,75.789375
340.605292,136.740471,28.382189,75.573822
337.566858,136.497559,29.615398,74.874130
337.022805,137.245228,28.118254,74.535515
335.207686,138.161560,27.110170,72.622437
332.966072,139.509060,26.237869,71.670616
331.658690,140.093475,25.574495,70.763885
330.159247,139.428543,26.118563,71.145126
328.786119,138.713169,25.192671,71.494179
327.347016,138.930370,26.499891,71.368294
324.275177,138.009022,27.707794,71.877525
322.652469,138.778755,28.538034,71.244324
321.301057,138.716595,29.210752,70.984474
318.643570,138.737885,29.816528,70.386124
314.341046,138.714741,29.978277,70.375099
313.309286,139.261887,28.606693,69.896011
309.524764,138.924824,27.894823,69.886772
307.399354,139.271599,27.304106,69.759003
305.398387,139.134743,27.705622,69.162903
303.625886,138.132832,28.977736,70.001534
301.038984,138.773186,30.004826,69.305832
299.439928,139.802002,29.712475,68.678024
297.576139,140.645752,28.342655,66.765060
296.787005,141.544743,26.464991,65.907829
294.805714,142.883011,25.047783,65.431961
292.900805,142.368690,24.231731,64.763962
289.982313,142.611679,24.901325,64.795639
288.658056,141.889145,26.056583,64.586197
286.308185,140.147812,27.439981,66.634781
283.158348,139.307293,29.564224,68.129677
281.091842,138.403076,30.008715,69.202911
277.914256,137.615604,30.460627,68.769310
276.324260,139.652283,29.933222,66.985565
275.359579,140.417511,27.352467,66.344772
271.068794,141.075016,26.409973,65.429115
269.557466,141.074543,24.702147,65.539787
267.180326,140.166595,26.017048,66.269440
265.763136,139.567043,25.795078,66.688881
263.906192,137.708260,26.559717,68.564789
262.334761,139.417656,26.630558,66.873032
261.100602,138.126293,26.063795,68.635643
259.126448,138.705639,24.905155,67.797997
256.441435,137.176888,24.110844,68.636047
252.959879,137.350006,23.883587,68.105179
250.841422,136.857430,24.370501,68.592789
247.405863,137.176785,27.083721,67.351921
227.855042,136.709297,56.373886,73.994843
161.301926,134.607708,52.274841,114.455803
162.727608,125.907578,57.468674,121.798843
166.339310,125.589352,61.000488,122.133110
170.906513,129.342789,64.282280,117.141434
178.363775,126.973267,63.733875,120.240036
186.346565,126.593407,63.797348,121.872131
201.396267,128.899300,51.707314,119.579895
220.086262,133.887974,37.528801,115.032967
223.382395,135.096478,40.683544,111.867271
225.410349,131.968521,46.559917,115.780197
227.246527,131.209518,52.469898,115.499893
233.081587,130.932705,54.941898,114.702141
239.209526,128.894775,54.672379,116.360306
246.540768,131.322868,52.197762,114.144775
257.484444,129.022732,45.006332,117.328819
269.854107,132.435753,38.889687,113.672241
279.132168,136.128609,35.383583,109.297760
285.030758,135.940701,36.818947,109.366631
287.199255,132.868950,42.650654,111.854385
287.810703,131.769173,51.996391,111.580551
292.227631,131.295509,58.081451,109.791824
296.988689,133.129417,58.684334,108.941696
302.473879,132.952385,54.488430,109.507004
311.091413,135.517067,47.489262,107.726120
323.380547,135.932838,39.573257,106.264023
330.319981,136.815933,39.127861,105.118958
332.997440,134.844360,44.129143,106.376007
336.265486,133.909393,44.625828,106.166656
341.294374,132.326897,44.249599,106.877335
345.384701,131.457840,45.880470,105.552948
351.768089,132.538525,42.372269,105.181099
357.220760,132.592773,40.407845,105.857910
363.501822,135.039764,38.694386,102.150513
370.284668,137.829128,34.589478,100.525307
373.378008,138.080540,34.735989,99.095482
378.457304,137.644466,35.717548,98.809456
382.703362,137.986782,37.820358,96.990456
385.411453,137.938007,39.209015,94.853630
388.333927,138.730881,38.999352,94.734528
391.793106,139.421738,36.436157,94.326111
394.327868,141.499626,34.425945,91.954056
394.711891,140.054222,35.434952,93.824951
395.867319,140.197395,34.702129,93.301804
396.743067,136.547810,34.852886,95.527885
398.393480,135.464760,34.011257,96.131485
399.902557,134.982113,33.765823,94.656242
401.721603,133.990501,35.121414,94.286392
402.276915,134.804928,35.974949,93.542671
403.110243,137.626656,36.366230,90.701797
404.809784,137.636536,36.911011,90.836090
406.224411,139.900940,36.996704,88.658249
407.248472,139.552029,36.241779,88.997368
408.714800,138.525768,35.563595,89.841362
408.218254,137.573238,36.075958,89.637794
409.043524,137.914455,35.434711,87.947258
407.820108,137.055088,35.646603,86.289833
409.157106,139.111149,34.003735,85.147163
409.525986,140.206566,33.572708,83.654907
409.804466,141.963783,32.561783,82.290421
409.000014,143.015892,31.944811,80.999680
408.718941,138.414600,31.540466,84.848579
407.567822,140.527370,32.764473,82.449486
405.804497,136.854160,33.966995,86.251625
404.335068,137.221066,34.983810,84.062492
402.720671,137.297771,35.293125,81.974281
401.956490,138.753521,35.412949,81.074974
400.649752,143.019764,35.044643,76.351677
397.646486,143.700226,35.146358,75.237671
395.792974,145.730812,34.468876,73.126755
393.516558,143.958290,34.471951,74.212723
391.849117,142.050453,35.436852,75.591949
389.092518,141.486282,35.497414,75.894516
386.284275,141.928574,35.641701,73.988220
384.884262,142.766914,33.910568,72.269913
382.886703,144.562420,31.603867,71.436943
381.383038,143.954666,27.091331,71.169388
378.359693,145.348610,26.810827,69.120819
375.271935,145.979954,29.204145,68.758156
371.051342,144.121101,32.544060,71.002258
367.742170,141.394123,33.693790,72.885887
364.611446,139.064327,34.832985,74.628532
361.615746,140.338234,34.754044,72.369507
358.169889,139.920288,34.787769,72.693604
354.989136,142.963371,32.920547,70.026352
352.200505,145.480965,30.533209,66.841553
348.522625,146.312435,28.086998,65.806450
343.536551,145.683399,30.436573,66.080589
339.116100,143.673973,33.447014,67.026230
336.420975,142.773342,34.553299,68.265373
333.553785,142.438572,35.527531,67.266106
330.994581,143.742863,34.519108,65.563545
327.689508,145.529339,32.561382,63.491722
324.650252,146.110863,30.043810,63.456650
321.077838,146.295692,26.679956,62.635925
317.826676,145.722158,25.955564,62.679920
311.223906,145.898722,30.488453,62.158749
304.759186,145.126966,36.126678,63.286625
299.736141,141.612198,38.935951,65.864655
297.748386,144.158943,37.448799,61.845108
294.794109,143.142859,36.830299,62.737019
293.325619,144.370399,33.730339,62.405975
289.530818,144.102076,31.888941,62.338604
283.805449,143.816729,30.996113,62.064877
280.789943,144.658585,26.695215,61.664337
275.644298,140.427803,28.773615,65.813705
271.629266,142.457720,30.599592,62.713207
267.534858,142.102011,31.974260,62.458546
264.611788,141.733521,32.410656,61.510040
260.846758,142.023129,32.920330,61.025566
257.332834,142.779100,31.539654,60.686840
252.682263,144.617416,29.581244,59.524033
249.651720,145.852915,26.793163,59.023983
243.709611,144.945402,25.910337,59.881763
238.184479,144.300453,26.672348,59.489563
235.661627,144.236710,27.643513,59.463867
231.489894,143.934103,29.929422,59.935963
225.999964,140.458128,32.946972,62.508213
219.548351,140.472696,35.977058,60.965633
193.634769,138.259918,68.405602,70.581772
150.233303,131.466507,47.936806,95.396713
163.831055,130.966125,37.362701,96.305038
169.120729,133.234158,38.037594,94.335777
172.056860,132.147423,45.701328,95.185532
175.508219,130.916645,43.726192,95.566307
175.546059,136.510323,49.646973,91.016464
180.512272,131.602520,50.915657,94.038033
187.651955,130.959667,47.126587,97.603951
194.407745,130.622959,44.861588,97.362236
206.616749,130.207176,39.766335,97.729904
214.618282,129.044575,37.051445,99.056877
218.913599,130.446545,36.321011,96.139839
220.120707,128.102051,40.552364,100.246902
223.231476,128.659046,44.357376,97.899117
226.465761,126.436512,50.023083,99.591103
229.852074,128.351845,52.767426,97.882446
236.350779,130.538410,50.056515,97.762123
243.638481,138.047707,45.439301,90.697205
252.252100,136.745739,43.228237,91.237526
263.427166,131.933441,40.142784,96.207626
267.922161,131.676090,40.009117,95.385811
270.537725,130.665668,43.619358,97.214043
274.115112,127.702824,44.112625,99.135521
276.937256,131.423607,45.727707,94.734940
282.504829,133.988899,46.424194,91.740402
287.287340,132.628666,44.753582,94.113457
295.737123,133.289711,39.989666,93.811386
302.743382,132.122097,39.616280,94.579903
309.625992,131.770954,37.379745,94.917030
314.980291,132.611107,36.013783,93.703491
318.154037,133.369900,37.640442,93.011406
319.004131,134.308895,41.871849,92.449715
322.091429,131.645489,45.771809,94.353691
325.170349,131.697155,48.461899,93.932976
330.210068,133.526905,46.556381,92.211586
335.439022,139.764389,41.738853,86.259567
338.456697,135.117928,41.037365,91.358032
341.652761,135.845604,40.504063,89.765228
344.290543,136.585224,38.366821,88.415443
346.252666,138.099571,37.187370,87.828568
348.519636,137.420971,36.678928,87.335030
350.376303,137.304771,36.466831,86.564362
351.922987,133.589954,38.759342,89.177528
353.913857,132.913914,38.876266,90.149696
355.307732,133.418720,37.493958,89.542839
356.350286,131.836227,38.125904,91.351944
358.422640,130.696362,37.368282,92.345680
359.590225,130.268196,37.153595,92.821777
362.299225,129.711693,34.982574,92.847519
362.112709,129.670574,35.407578,91.961159
362.913500,129.490040,34.461178,91.636040
361.918753,130.526546,34.184223,89.507652
362.532660,130.761166,33.170506,88.933220
362.316841,131.686802,33.006927,87.932228
361.786201,133.624531,32.865494,84.990150
362.859631,135.101532,31.837044,83.988342
363.766992,132.703465,31.225508,85.887383
364.086386,132.291386,30.515202,86.242088
362.974675,133.243351,30.962545,85.622047
362.151228,132.899330,31.225361,85.316223
360.786057,134.093281,31.074095,83.497734
359.548770,135.321621,31.933985,81.683998
357.482014,135.382980,32.766014,81.739670
354.922031,137.353897,33.788261,79.868988
354.758258,136.786533,31.618250,80.485207
353.165145,137.023220,30.518373,79.646065
351.681848,136.467476,31.523924,79.534393
348.557451,135.771774,31.961056,79.806213
348.731549,136.162582,30.559286,78.980911
347.413595,136.742592,30.041523,77.721970
347.133157,136.906704,29.406065,76.782799
344.810795,137.632767,29.676811,76.351318
342.300019,137.906139,29.493971,76.791832
340.468260,138.145836,28.446980,75.731628
338.555657,138.343369,28.735167,75.064774
336.829126,138.195309,29.885921,75.102959
335.625186,137.986801,30.036997,75.301056
333.817633,138.119198,30.970860,75.216805
331.963685,137.873257,31.415800,74.581139
329.905993,138.866600,30.520533,73.704620
327.807738,139.423252,30.859575,72.824348
325.524126,140.351898,30.181911,71.718384
321.757652,140.832653,28.913620,70.907753
319.748833,141.255077,27.544754,70.490303
316.934975,141.123817,28.508133,70.500565
315.140939,140.796612,28.230268,70.985970
312.109292,140.750042,29.228880,70.240288
309.094187,139.221695,29.597698,71.063568
306.040118,138.357948,30.479197,71.395538
302.100967,137.639908,30.794373,72.041031
300.006013,138.317833,28.056166,71.863937
297.923482,137.867855,27.352987,72.029396
294.918140,136.508446,28.808266,72.520660
292.999890,136.235573,30.139181,72.962769
289.866467,135.340969,31.988594,73.213722
286.850260,134.528000,33.639690,74.042831
283.887585,134.880558,33.882072,72.879814
282.109465,135.057110,33.436863,72.816292
278.980360,140.907421,32.251133,67.807243
276.950914,139.273399,30.870510,69.156296
274.416968,141.602581,27.208513,66.860725
270.632237,137.306263,26.220755,70.734505
267.982635,137.868359,28.466202,69.722435
265.163823,136.795879,28.920721,71.142448
262.822224,137.192814,29.703239,70.421700
260.277262,136.931362,30.391628,69.997566
258.283474,138.967472,29.620537,68.111031
256.716425,137.583553,27.526211,69.502342
253.790728,138.091663,25.641705,68.701622
249.797610,139.096523,24.500589,67.672157
244.435965,139.218868,25.126301,67.336876
242.304205,139.117947,26.685734,67.149849
239.141712,139.382790,27.678093,66.310654
236.587719,138.760315,28.827080,66.266678
232.723823,139.477325,30.503222,65.977432
230.245253,138.743820,30.689442,67.541992
221.731190,138.423660,38.086815,69.128616
208.452333,137.876762,52.530422,75.921310
137.403254,137.297493,45.318409,90.217728
146.507706,138.221790,40.932442,89.557732
159.434679,136.077759,37.738224,91.131165
165.755680,138.790928,36.965973,89.174156
168.492117,137.241497,39.105602,90.260445
169.615932,136.112972,42.886703,91.117012
173.654858,134.149914,47.294907,91.278099
178.185633,135.090065,50.278828,91.393738
184.405861,135.971119,47.346672,90.690987
192.714951,134.942051,40.660927,91.788246
200.800274,135.903065,38.834976,90.939857
213.727041,133.778645,33.605709,93.616859
219.613980,132.921680,31.659773,93.284798
221.510750,129.501537,35.464973,96.693214
223.154543,132.704185,41.355976,93.309082
227.503119,128.663940,46.749004,96.406219
232.289886,132.297039,48.795769,92.876442
237.816196,135.856808,46.510056,89.687111
244.209139,138.644791,42.207081,87.936523
255.243872,137.031719,36.519817,89.367104
266.204758,140.302803,31.544426,86.148697
271.073376,136.615898,34.228577,89.779175
273.632948,136.595551,35.419003,88.878372
275.092382,135.359943,37.977306,89.855095
278.957783,135.714119,42.830276,89.777298
282.979427,135.536766,45.862732,89.684036
288.798986,135.674397,45.718578,89.685966
296.857492,138.267784,39.391605,88.091263
305.524418,140.605465,31.991684,85.807045
314.569412,139.346188,29.625923,86.143654
321.542614,137.060204,29.958649,88.575806
324.017636,135.426697,31.695448,89.963501
324.851843,135.803902,38.996853,89.321701
326.580139,135.717152,47.417839,89.657982
330.709518,135.886120,48.958794,89.191292
335.127661,134.116394,49.353741,91.645996
339.976757,136.630810,45.082031,89.297401
346.075033,138.220673,40.150494,88.493561
356.053986,137.932461,33.275658,88.199409
362.643548,136.284863,29.326361,89.642357
366.173989,139.587528,30.554922,86.345970
369.694643,140.519600,31.420216,84.053146
371.776018,139.358307,34.394428,84.859360
374.269930,139.675983,38.539631,84.781166
379.008677,140.057400,37.891544,83.833092
383.165602,141.906731,35.818813,83.137360
386.057981,142.580090,33.934399,82.290947
390.012674,142.551018,32.006077,81.769272
394.228222,142.705074,29.767136,82.141731
396.287709,141.537918,31.165281,82.313263
398.588791,138.042213,33.523430,86.304184
401.091261,139.673603,35.618649,83.569008
402.753134,137.995327,36.843273,85.049812
403.842972,137.828503,37.908516,85.339531
405.111294,142.346146,36.553696,81.771805
407.373541,144.608944,34.880993,78.808464
407.404261,145.009594,34.839558,78.807487
407.718866,142.988552,34.447681,80.851891
407.346882,140.661034,34.385468,83.385269
407.241556,138.175556,34.366123,84.485695
407.002993,137.371117,35.572422,85.389465
406.678043,136.332752,35.241394,85.391502
406.152029,136.521206,35.583630,85.080788
406.125898,137.754440,35.784039,84.108475
405.652788,140.411938,35.185230,80.798698
405.818502,142.119148,34.702557,78.211670
403.376360,144.991688,33.881901,75.012001
402.030615,143.522755,34.192059,77.222664
400.094320,139.879925,34.286770,80.169243
399.414562,140.328728,34.148895,79.392105
397.841299,139.508076,33.321957,78.951363
394.541935,140.819183,34.738510,78.104706
395.866361,142.552483,31.584074,75.999893
394.285681,142.953217,30.470364,74.792603
393.795443,144.693687,27.833851,72.883743
392.819627,145.656265,26.425650,71.502869
390.744948,145.873528,26.971872,71.297440
387.447847,143.723679,30.077473,72.620148
384.523766,142.914581,31.786461,73.559616
383.185477,142.010662,31.991648,74.225182
379.922878,141.512230,33.032791,73.873535
377.869556,143.228394,33.860367,72.911682
376.311810,144.901215,32.374313,70.431534
374.157497,144.399002,31.528000,70.343994
372.599036,143.754120,28.744638,71.209885
370.263438,142.622406,26.327898,71.763992
367.688220,140.965565,27.827639,72.274452
363.882138,140.066483,29.055861,73.431870
361.596998,138.737003,29.746853,75.067116
359.927775,137.355759,30.185045,76.132339
357.360649,139.057255,29.445396,73.937141
355.253147,138.029678,28.709656,74.530304
353.722256,143.312511,27.678146,68.929619
352.252609,143.478668,26.128761,69.144135
348.262408,142.431671,27.210024,69.093872
346.792800,142.608608,28.320719,68.789909
344.347733,139.822235,30.308340,71.613358
340.776836,139.805477,32.459244,71.866020
338.629793,139.819363,33.037205,70.756798
337.138052,142.323387,32.844128,68.339859
335.030555,145.475845,31.830286,65.338867
334.036608,145.701456,30.569370,63.248363
332.038124,147.065174,26.853233,62.730705
328.655344,146.499149,26.129993,63.097466
325.931553,145.359863,27.127701,63.458878
323.190243,143.851257,29.091904,65.330536
319.978367,143.464195,30.169861,65.165131
317.986175,144.385378,29.852823,63.485958
315.347764,145.202139,29.992102,61.992771
311.641101,146.093605,28.919985,61.235168
302.313553,146.529236,34.461098,61.207657
301.647261,144.388119,29.100689,63.050117
300.231616,143.896198,28.623217,63.201836
297.140591,142.525211,30.931641,64.840324
295.178550,142.019596,30.521189,64.484932
292.766840,140.851269,32.245777,65.335884
289.741903,140.354927,32.959133,64.600296
286.116880,143.167116,34.127758,62.371197
284.268883,141.688046,32.869118,64.512749
283.425296,144.139860,29.933840,62.564320
280.527125,144.783762,26.692476,61.873089
276.877100,141.381771,25.412113,65.178764
274.503107,143.617409,25.446842,62.556824
271.298532,142.651237,27.444708,62.744110
269.067467,141.549931,27.571159,63.901237
265.310263,141.711878,28.701870,62.810238
263.060945,142.715139,28.032705,62.277805
261.586281,142.290487,26.501976,61.945240
258.904116,143.913748,23.987675,60.577610
255.374264,144.573942,22.820160,59.560368
250.628693,145.702473,23.852791,58.838051
247.297185,145.108736,25.583799,59.214550
245.727818,144.399950,26.566481,59.174999
241.741201,142.201925,28.313335,62.091434
238.215678,141.805384,29.515932,61.717510
235.860548,140.774948,29.366955,63.020493
232.518163,143.380720,28.939344,59.873768
229.944673,143.756289,27.175283,59.781200
226.863001,141.805607,24.206440,61.850548
223.197285,141.551622,24.187302,62.267208
218.736741,137.543968,26.780554,65.497177
216.245431,141.061966,27.438910,62.382446
214.605848,140.625519,27.021267,62.682922
211.369307,141.495712,27.773693,61.657608
208.010833,142.012032,29.420160,60.365662
205.279152,143.413517,29.227577,58.078117
201.580540,142.716383,29.325516,59.265415
198.167145,143.356461,27.435478,58.949783
195.484401,142.564449,24.876406,60.307777
193.086201,143.070129,24.218155,59.891479
190.857882,143.465958,23.841311,58.274780
188.280209,143.539337,25.189743,58.052994
184.769331,140.982948,27.299541,61.356277
180.880559,141.368679,29.426634,60.178322
177.654426,142.746773,29.289896,59.071777
176.183221,141.781818,26.440130,59.984688
174.946938,141.802572,23.009407,60.278645
171.884820,142.718931,20.531591,59.836781
167.722007,143.967199,19.960581,58.186451
164.572186,143.597786,22.013258,57.807388
160.903729,143.584297,24.143858,58.002914
155.787228,140.954308,27.866714,60.231964
150.953557,138.104008,30.764433,62.642387
143.072399,137.695507,39.354950,66.668556
76.209595,138.011421,38.777626,113.939026
76.125725,135.256161,40.305290,117.436455
80.005354,131.695095,39.454906,120.482353
79.638039,123.983971,41.785118,129.294617
82.958338,111.780838,43.876759,140.757248
83.519537,101.696404,44.588284,145.512848
83.513302,85.546524,53.796432,160.188309
85.806456,115.066315,48.092907,124.351578
84.699488,115.151661,48.194294,127.278694
87.300280,116.655544,48.615116,127.150993
86.243946,118.662971,48.656219,129.762024
90.503786,118.636925,44.671421,131.037079
88.337622,123.921928,50.877377,129.445648
88.632153,124.156792,52.962357,129.878906
90.097651,129.247902,50.200245,124.433411
88.316833,134.416172,51.030891,118.850166
93.554583,132.084194,45.344303,121.652763
99.364590,131.974865,40.785873,121.509453
101.370346,130.704884,47.274055,121.994667
100.591352,131.576202,41.507488,122.157913
101.130119,132.308208,46.422813,121.014397
102.931179,132.969688,43.652451,120.731750
103.487289,131.397064,46.665871,122.556290
104.664536,133.928722,43.892708,119.989342
106.356689,135.434494,43.960152,117.928543
102.498716,135.984993,49.149548,118.096985
95.792282,135.007507,58.095375,118.802261
89.157284,135.692177,64.497696,118.923065
85.418343,130.580368,65.377739,123.214706
83.448875,128.655334,68.426170,126.609879
83.820465,128.066223,69.169289,127.455551
