84.000000,151.000000,92.000000,104.000000
94.838741,148.959137,88.153389,104.206360
103.350697,149.436623,86.101524,102.337448
114.834743,150.268726,83.661110,100.775200
122.538116,151.353596,81.487274,98.919548
130.752899,152.041283,79.542053,98.983383
140.227234,154.149948,77.008667,94.395142
147.084568,154.317963,75.907097,96.298553
154.009220,155.804459,73.650749,91.525421
160.597633,155.844513,72.599289,90.293182
165.760857,156.933941,72.272354,87.174416
172.287792,157.107536,69.431160,83.598282
179.860962,156.873619,67.360199,88.268387
185.346050,158.259872,64.900429,79.149292
191.022057,159.109360,64.741348,83.337830
196.304848,159.128731,61.629257,75.305649
200.340090,157.402866,62.606441,91.052879
205.031593,159.991745,59.708878,81.439514
212.088333,159.521606,58.606079,82.022339
216.030056,160.016727,56.803719,78.083794
220.249477,159.662342,55.820900,82.715813
224.158766,162.162067,54.144199,79.236229
226.973080,162.042961,54.711555,87.347672
230.109060,161.650032,55.497395,85.993088
236.305334,161.415791,53.337910,84.203209
238.208149,161.136387,53.903252,85.223717
242.195156,161.058357,52.004280,88.274124
245.974669,162.082420,50.825474,86.559311
249.118805,163.949619,50.190704,75.910027
252.432594,164.703239,48.594788,76.385025
255.255577,165.618080,48.421921,73.345490
258.103931,166.019981,47.316139,77.004471
261.103571,165.855728,46.780254,66.864594
265.535582,166.623966,43.055820,65.571129
267.420172,167.360117,42.588047,61.210552
270.190821,167.631447,42.828686,66.528152
271.718557,168.482277,42.999149,62.357315
274.373175,167.834595,42.238392,62.114243
276.126947,168.948877,42.320065,59.747890
279.191418,168.181654,41.796455,61.248173
280.627367,168.902225,40.274593,57.711555
283.365852,168.891157,39.845428,60.221714
284.794447,169.056908,40.027744,58.180649
286.379128,169.217819,38.814941,55.263184
287.973509,169.208572,38.329441,56.379974
290.253897,169.839302,38.309544,59.174606
291.293573,170.661274,37.113155,49.772499
293.313313,169.860939,36.651192,57.312851
294.078875,169.768389,36.442059,49.459576
296.912966,170.388941,34.986935,57.454998
297.532429,170.552479,35.045280,51.856377
298.082964,171.136606,34.980434,49.923733
298.697937,171.855976,35.709824,55.078972
299.967623,172.026098,34.394100,45.984943
303.102261,171.984865,33.626228,52.518612
304.095587,171.635719,32.502903,46.769012
306.751449,171.809996,31.601046,52.180882
307.321657,172.512785,31.601376,45.014561
307.596772,172.348757,31.481169,48.933193
309.539103,172.423935,30.755596,46.332260
311.326336,172.730818,30.203789,46.628101
311.726578,172.648588,29.866302,45.095081
312.151793,172.327101,30.429615,47.527546
312.634990,172.449278,29.915323,44.451267
313.733860,172.019245,29.711525,47.341393
314.853024,172.541916,29.490395,42.257309
316.433404,172.376476,28.041533,45.623466
318.090059,172.902481,28.216045,42.333008
318.404894,172.758848,27.835674,40.745991
319.540540,173.284029,26.859594,44.684200
320.719827,173.827278,26.789000,38.054565
321.101443,174.176935,26.692453,43.147442
322.546515,173.716095,26.032747,38.060898
322.607084,173.638464,25.884037,40.388248
323.420627,173.752884,25.464197,36.941177
324.724884,173.278284,24.578140,41.424397
325.578753,173.707935,24.497677,36.269753
326.436089,174.052467,23.817772,39.526474
326.279085,174.197933,24.451580,34.654358
327.917139,174.482277,24.029369,37.477661
328.254958,173.959698,24.621538,36.501076
328.841372,174.742638,23.748066,38.768372
329.252374,174.529465,23.549475,38.380714
330.036202,174.758659,22.805914,32.708389
332.201626,175.284367,22.743942,36.203117
332.554204,175.300438,21.682234,32.522324
332.772302,175.705990,21.730894,34.677155
333.086534,175.396290,21.690603,35.053604
334.243087,175.708298,22.473825,35.912773
335.565893,174.893823,21.193394,31.881109
335.583227,174.962498,21.309299,32.915154
335.948502,175.846405,21.596367,35.175491
336.426445,175.265686,21.027321,32.892288
337.090302,175.318754,21.093084,32.883198
337.201611,175.689095,21.175835,28.669533
338.521562,175.797022,20.885923,31.822529
338.966290,175.813438,20.393883,27.293404
339.912858,176.026794,19.753904,29.607574
340.614332,176.678490,20.033764,31.739952
340.661218,176.293001,19.901342,28.886517
340.733013,176.307109,19.982590,31.958033
341.214773,176.723430,19.836666,26.890543
342.014450,176.463233,19.586960,30.986773
342.669783,176.867023,19.362301,26.911934
343.774541,176.550975,19.485418,29.650225
343.882523,176.442331,18.997650,24.374378
344.624716,176.373199,18.579517,27.362810
345.293128,176.423656,18.879259,28.413645
345.684587,176.751910,18.788204,29.590227
345.672614,177.274065,18.311922,24.943966
346.330167,177.335729,18.322325,28.603567
347.177253,177.049163,18.379381,24.825792
348.156022,177.554950,17.560102,23.669085
348.269766,177.609835,17.157963,25.136059
348.239291,177.530103,17.685114,25.834997
348.599261,177.999739,17.828363,27.274525
349.133139,177.706698,18.003666,23.185610
350.308087,178.160495,17.069448,22.696863
350.782094,177.556313,17.212820,24.328781
350.878329,177.222971,17.108316,26.492489
351.142734,177.827069,17.465433,26.906919
351.482454,177.282321,17.166157,23.278208
351.875667,177.230743,16.571550,24.600853
351.607326,177.485518,16.518396,24.395718
352.652000,177.924757,16.913773,25.877743
352.854390,177.998842,16.203138,21.724483
353.512724,178.059245,15.295490,20.339960
353.771926,177.893682,14.880541,20.067572
354.603046,178.126184,15.043549,21.178770
354.745861,178.173919,15.221176,19.244036
354.815621,178.930398,13.827453,18.465979
355.154316,178.354562,15.198051,19.959845
355.200968,178.153275,14.402576,20.713179
356.302845,177.750875,15.251906,21.427952
356.726647,177.703502,15.104156,21.775820
356.170386,178.081828,15.208155,23.407412
356.464025,178.015388,15.313496,24.907877
356.625656,178.287425,15.042816,18.850328
357.189291,177.836956,14.933330,20.155533
356.847088,178.162010,14.218170,20.316895
357.870224,179.276099,14.705031,18.913729
358.083988,178.935666,14.222314,19.612196
358.302624,179.046914,14.505836,18.990751
358.792878,178.910899,14.507238,19.132051
358.962421,178.690991,13.727348,18.788931
360.570190,179.060879,13.840866,17.748444
360.654817,180.026601,12.715590,16.709467
360.406857,178.955429,13.082449,18.203205
360.704190,179.054521,13.078951,18.204905
361.414680,179.392758,13.134221,18.279669
361.534634,178.613659,13.557734,17.915714
361.407300,179.234834,12.602796,17.383074
361.577476,179.272963,12.959402,16.931850
362.525896,178.830103,13.216706,18.036743
362.744329,179.459347,12.764320,16.396992
363.075265,179.137821,12.667798,16.583340
363.163927,179.885471,13.126134,16.874523
362.943512,179.589262,12.618435,16.861473
363.620131,178.633353,13.103946,16.806833
363.790271,179.834015,12.522481,15.631554
364.286556,178.999673,13.280861,16.895578
364.725246,180.332170,12.993390,14.451608
364.321485,179.555411,13.354894,15.257826
364.987421,180.202226,12.861629,15.011538
365.963912,179.635285,12.886828,14.504378
365.417455,180.273897,12.736375,15.035504
365.475257,179.365140,13.040135,15.784074
365.624635,180.004080,12.609937,15.559227
366.221897,180.192404,12.616940,15.615985
366.230612,179.096772,12.323165,15.618071
366.626643,179.601475,12.607660,16.434563
366.872868,179.204194,11.905872,15.866965
367.166770,179.029728,12.191519,15.890948
367.178760,180.043033,11.948693,15.301653
366.917904,179.577082,11.758106,16.030563
367.561346,179.968169,11.906903,14.905321
367.348330,181.034367,11.258915,13.121814
368.300203,180.319935,11.464749,13.790774
367.559791,179.899770,11.496214,13.790704
367.889635,180.760192,11.421243,13.427385
367.909824,181.146962,11.511547,13.024866
369.117726,180.521437,11.449466,13.693092
369.579489,179.869992,11.000927,13.954874
369.306441,180.322595,11.134433,12.833559
369.301601,180.312108,11.215210,12.971682
369.770649,181.198353,11.129687,12.786903
370.224194,180.133330,11.257389,13.508631
369.753574,180.989746,11.731056,12.167115
369.632250,180.793272,13.044528,12.606236
370.490248,180.827292,12.238358,12.647390
369.621160,180.878695,12.494635,12.945604
370.755766,180.315582,12.378510,13.391167
370.754456,180.588171,11.655894,13.111271
370.192147,181.208443,11.976680,12.455424
370.173302,180.631945,11.832698,13.187584
370.300988,180.731565,11.909385,13.255731
369.345316,180.077049,12.437923,13.618165
369.494503,181.103605,12.570663,13.525563
369.798734,180.971092,12.768086,13.038701
368.995542,181.377915,13.104535,12.766714
368.111259,180.437741,14.067089,12.997339
367.428046,181.027980,14.508200,13.201616
367.348719,179.799418,14.955306,13.538260
370.137653,180.858647,12.834019,12.542589
369.242369,180.061556,13.498286,12.887306
371.443114,180.814401,11.407077,12.451960
372.605282,181.320760,10.000000,12.255468
373.079878,181.304451,10.000000,11.939973
372.975570,181.330993,10.000000,12.667253
373.086963,180.990021,10.000000,12.270660
373.022405,181.152775,10.000000,11.578018
373.266181,181.673552,10.000000,11.523441
373.490540,181.442833,10.000000,12.101849
373.303346,181.480792,10.000000,11.688838
373.836923,181.884012,10.000000,11.944974
373.212114,181.094533,10.115643,12.252691
373.484952,181.028604,10.000000,12.117979
373.641126,181.166034,10.000000,11.991793
373.187944,181.772012,10.337914,11.770204
373.694395,181.293915,10.481742,12.415423
374.557209,180.885325,10.000000,11.878267
373.439742,181.418361,10.504453,11.411881
374.309369,181.881154,10.087877,11.518775
375.906405,181.246289,10.000000,11.294794
375.390518,182.107284,10.026270,10.908514
376.388673,180.985384,10.000000,11.448251
375.099055,182.288076,10.259733,10.777875
374.919836,181.781990,10.741280,11.437860
375.256413,181.624281,10.417944,11.266467
376.029582,181.868238,11.091841,11.464261
375.187742,181.237375,10.720066,11.436875
375.921305,182.153168,10.170718,11.104675
374.975488,181.789346,11.046425,11.711096
376.051651,181.257408,11.507164,11.558373
374.778750,181.248232,12.075212,11.403168
376.302678,182.088432,10.577863,11.125561
374.161413,181.118610,11.960720,11.590786
374.994081,181.714431,11.340396,11.380762
375.759906,181.897095,10.000000,11.366420
376.519293,181.664682,10.000000,11.549645
375.703379,181.319478,10.206646,11.686434
376.355348,181.842689,10.000000,11.230268
378.039801,181.530244,10.000000,10.931657
377.696564,181.423517,10.000000,11.471395
378.028646,181.309965,10.000000,11.174356
378.047553,182.366913,10.000000,10.824329
378.731146,181.525195,10.000000,11.534770
378.637079,181.369924,10.000000,11.789647
378.279684,181.743444,10.000000,11.471524
379.021853,181.709231,10.000000,11.205725
378.900855,181.695191,10.000000,11.467569
380.099267,181.343472,10.000000,11.775252
380.095869,181.834108,10.000000,11.431393
379.702193,181.347363,10.000000,11.598495
379.089074,182.022809,10.000000,11.112127
380.138046,181.790652,10.000000,11.383459
379.498612,181.244840,10.000000,11.600039
381.097138,181.966338,10.000000,10.944045
381.193313,182.240560,10.000000,10.953191
382.105942,181.173764,10.000000,11.557727
382.022161,182.180500,10.000000,10.000000
381.596651,181.702896,10.000000,11.045177
382.971048,181.773045,10.000000,10.180427
383.448188,182.643649,10.000000,10.000000
384.129765,181.896598,10.000000,10.000000
383.491521,181.690578,10.000000,10.238814
383.808032,182.461996,10.000000,10.000000
383.979040,182.331533,10.000000,10.412640
385.109624,182.003814,10.000000,10.358938
383.999875,181.464764,10.625176,10.585400
384.686463,182.734720,10.000000,10.000000
384.215058,181.734024,10.181483,10.262898
384.526616,182.686673,10.990162,10.000000
384.722883,181.690091,11.524977,10.258080
384.864750,182.047359,11.448334,10.000000
385.830120,181.327065,10.329370,10.368109
385.194561,181.516006,10.728978,10.666595
386.355451,182.760778,10.000000,10.000000
387.173938,182.001163,10.000000,10.000000
388.134652,181.802184,10.000000,10.050216
385.460870,182.580325,11.526114,10.000000
385.684154,181.241622,11.669768,10.872447
388.637552,181.643634,10.000000,10.000000
388.785935,181.379232,10.000000,10.246571
390.141792,182.389688,10.000000,10.000000
390.366011,181.892212,10.000000,10.606957
390.479589,181.830917,10.000000,10.456861
390.299409,181.128220,10.000000,10.281385
391.583585,182.506168,10.000000,10.000000
391.439535,181.610867,10.000000,10.000000
391.968797,180.725925,10.000000,10.659810
392.016211,182.089684,10.000000,10.000000
391.828552,181.958244,10.000000,10.000000
391.246887,181.188700,10.000000,10.847683
391.940980,180.986238,10.000000,10.326474
392.724652,181.952201,10.000000,10.000000
391.560208,181.359374,10.000000,10.536691
391.124013,181.154218,10.000000,10.646904
392.884738,183.089091,10.000000,10.000000
391.743802,181.895391,10.115623,10.497298
391.784237,181.626453,10.063078,10.000000
395.101208,183.031440,10.611763,10.000000
394.793913,182.045509,10.000000,10.970214
394.592028,181.413097,10.000000,11.221924
396.544476,181.523438,10.000000,10.675946
396.211172,181.647655,10.814923,10.000000
396.196248,180.260000,11.539367,11.454517
397.115973,182.086296,10.036015,10.000000
397.299604,180.823113,10.715156,10.845313
397.578882,182.054385,10.000000,10.414485
398.212034,181.750657,10.000000,10.098284
397.853325,182.273555,10.000000,10.670572
398.704868,181.402867,10.000000,11.582258
398.129854,181.870595,10.000000,10.744180
398.907471,181.464908,10.152221,12.775446
399.637235,181.293789,10.000000,12.024288
398.840845,182.192811,10.000000,10.690226
399.747154,180.812256,10.000000,12.863120
399.795767,182.103148,10.000000,10.280211
400.774722,181.913722,10.000000,10.209063
401.329601,182.217960,10.000000,10.000000
401.378057,182.506353,10.000000,10.000000
401.785452,181.930256,10.000000,10.000000
399.427980,180.476006,10.000000,10.834526
401.904614,181.869473,10.000000,10.000000
400.225046,180.662100,10.000000,10.534972
402.075937,181.027953,10.000000,10.442080
399.714200,180.149627,12.296732,11.401285
401.357030,180.217618,17.420658,12.845395
405.659722,178.455946,30.709082,16.565315
404.152322,178.229433,23.329777,20.298943
405.060606,179.258561,27.187435,18.756319
405.382970,178.233592,32.052052,19.172018
404.677223,178.066652,32.965263,20.848000
404.047216,178.346939,32.211704,21.220722
404.106283,178.834014,34.640667,21.084272
