154.000000,46.000000,9.000000,19.000000
153.125020,46.095786,10.579478,18.251120
153.288069,45.908388,10.795318,18.533344
152.953783,45.135393,10.464600,18.297981
152.800790,45.699519,10.516062,17.981840
152.434674,44.729965,10.782194,18.307838
152.418335,45.249969,10.885147,18.161840
152.261315,44.158173,11.024820,18.738567
151.456841,43.810307,11.407927,18.352238
151.900482,44.206644,11.263416,18.074471
151.106877,44.427826,11.204519,17.727924
151.515534,43.350242,11.599596,18.440897
151.114711,43.491549,11.090029,18.043533
151.378698,43.316140,11.329941,18.649324
150.447475,43.338063,10.890556,19.005407
150.378764,42.677529,11.385505,19.027811
149.665907,42.300177,11.405136,19.359009
150.667687,42.217710,11.349956,19.791851
150.202645,42.430670,10.798170,19.555752
149.600051,41.998002,10.954092,19.286104
149.030257,42.321812,10.880239,20.020348
149.862705,42.319705,11.656381,20.125692
148.753642,42.133209,10.565302,20.046406
148.312785,41.005333,10.711096,20.797501
148.304093,41.657527,11.093944,20.648790
148.482769,41.471952,10.679637,20.953678
147.653990,40.788173,11.175583,20.733225
147.268518,40.394986,10.747285,20.995737
147.360899,41.199076,10.723784,21.037010
147.158585,40.488394,10.208095,21.407352
147.003028,40.156641,10.157887,21.147457
146.384669,40.068666,10.074362,21.216753
146.347917,39.744399,10.205450,21.474844
146.701822,39.645978,10.294751,21.457022
146.182086,39.684205,10.000000,21.251665
145.878351,38.972369,10.000000,21.434237
146.803442,38.987432,10.000000,21.701960
146.436151,39.106868,10.000000,20.967070
146.510652,38.296813,10.000000,20.913599
145.858096,38.340440,10.000000,20.782187
145.884148,38.223888,10.000000,21.228184
146.580562,38.544853,10.000000,21.744167
146.198364,38.306536,10.000000,21.154285
145.665192,38.603343,10.107673,21.049765
146.376310,37.587976,10.000000,21.396276
145.792428,37.651173,10.000000,21.271191
146.546925,37.412113,10.000000,21.252407
145.948013,37.180183,10.000000,21.358566
146.637256,37.754696,10.000000,21.583542
146.000367,37.338064,10.000000,21.572575
145.221077,36.858635,10.000000,21.573376
145.213684,37.546332,10.000000,21.501871
144.926672,37.015384,10.000000,21.648027
145.745681,37.768362,10.000000,20.730911
144.691784,37.435080,10.000000,21.040482
144.808114,38.038466,10.000000,20.580416
144.217631,37.469298,10.000000,21.276239
143.772217,36.571823,10.000000,21.483807
143.980749,36.842354,10.000000,20.643360
143.133551,36.993203,10.000000,20.822832
142.881637,36.818590,10.092122,20.953724
143.108275,36.096790,10.000000,21.089943
142.165145,36.324432,10.000000,21.172871
141.979556,36.595216,10.000000,20.596682
142.200354,36.028901,10.000000,20.769083
142.226125,36.518162,10.000000,20.876518
142.008060,35.638935,10.000000,21.145935
141.161217,35.088226,10.000000,21.570805
141.106296,35.744132,10.000000,21.873075
141.614542,34.985357,10.000000,21.639393
141.541675,35.597465,10.000000,21.615595
141.310736,35.076733,10.000000,21.546288
141.011788,35.500498,10.000000,21.242680
140.639230,34.977149,10.000000,20.668242
140.268585,35.658952,10.000000,21.059927
140.689104,35.014869,10.000000,20.272272
140.965582,34.361701,10.000000,21.141851
140.932117,34.929709,10.000000,20.584230
140.274514,34.685062,10.000000,20.491089
140.290303,34.502565,10.000000,19.295635
140.050633,34.825826,10.000000,19.621584
139.300561,34.770657,10.000000,19.946022
139.207588,34.706316,10.000000,20.052910
139.033259,34.396462,10.000000,20.555655
139.005549,33.701643,10.000000,20.783806
138.619660,34.153256,10.000000,20.530779
137.930340,34.369623,10.000000,20.623348
137.869878,33.479065,10.000000,20.910412
137.392406,33.469409,10.000000,20.911356
137.703687,33.522431,10.099275,20.936666
137.101666,33.879999,10.093252,21.044670
136.227508,33.074151,10.317865,21.245966
136.927860,32.889961,10.126962,20.789425
136.633428,32.630352,10.092283,21.069817
136.000006,32.315379,10.058627,21.137892
135.064427,33.111000,10.000000,20.756245
135.692962,33.593217,10.000000,20.152273
135.530704,32.613579,10.000000,20.800961
134.714993,32.448243,10.000000,20.805426
134.570412,31.969961,10.333061,21.114323
134.289774,31.402479,10.032422,21.457184
134.153564,31.334866,10.058458,21.443233
133.874662,30.884115,10.000000,21.926193
134.002758,32.058713,10.000000,20.668802
133.789316,32.286169,10.000000,21.027782
134.134788,32.142366,10.000000,20.942371
133.909869,31.303390,10.000000,20.900545
133.394403,31.562191,10.000000,20.329639
133.935646,31.482165,10.000000,20.373106
133.192164,30.247238,10.000000,21.229954
132.590586,31.008331,10.000000,20.692142
132.669672,31.051044,10.000000,20.663816
132.531830,31.185524,10.000000,20.229263
132.891261,30.063396,10.000000,20.890392
132.544795,30.181376,10.000000,19.807360
132.621498,29.863751,10.000000,19.904360
132.545523,30.462773,10.000000,20.396765
132.109763,29.494616,10.000000,20.859619
132.583248,30.433457,10.000000,19.948614
132.351319,29.895627,10.000000,20.559309
132.386739,30.453333,10.000000,20.135258
131.884804,29.890210,10.000000,20.598707
131.686632,30.025619,10.000000,20.703058
131.436125,30.120116,10.000000,20.806284
132.320836,29.098524,10.000000,20.926521
131.864355,29.143950,10.000000,21.000330
131.302004,28.906931,10.000000,21.318695
130.918872,29.221736,10.000000,21.310247
131.502789,29.252469,10.000000,21.074255
130.823981,29.265357,10.000000,20.719275
130.588054,28.518844,10.000000,20.753046
129.983515,28.786697,10.000000,20.506088
130.220506,28.605218,10.000000,21.124205
129.835861,27.773349,10.000000,21.328917
130.139574,28.259578,10.000000,20.458921
129.822095,28.830677,10.000000,20.265350
130.033222,28.635840,10.000000,20.113283
129.084195,28.215705,10.000000,20.334021
129.523116,28.439135,10.000000,20.111366
129.314420,27.854845,10.000000,20.317490
129.497169,27.934089,10.000000,20.284735
129.149840,27.178411,10.000000,20.557974
129.101625,28.114882,10.069533,20.694241
129.238660,28.048673,10.054694,20.701792
129.334282,27.928489,10.158209,20.731680
128.962230,26.901214,10.607203,21.204561
129.342762,26.698893,10.192105,20.594891
129.381395,27.154354,10.113109,20.529655
129.457560,27.411292,10.049356,20.598642
129.453499,26.555125,10.263734,20.219023
128.639148,25.893459,10.000000,20.674122
128.611110,26.528538,10.017513,20.421360
128.378836,25.981906,10.000000,20.534693
129.198398,26.488128,10.000000,19.983374
128.384790,25.879845,10.000000,20.069157
128.415349,26.757815,10.000000,19.452513
128.965766,26.240626,10.000000,19.922087
128.893438,25.427830,10.000000,20.131508
128.715266,25.637397,10.000000,20.105162
128.341291,25.547158,10.000000,20.292517
127.848703,25.355420,10.000000,20.393732
127.489281,24.762950,10.000000,20.431368
128.122232,25.153592,10.000000,20.311987
127.398188,25.569451,10.000000,20.225393
126.794978,25.239511,10.000000,20.442978
126.419035,25.443404,10.000000,20.508799
126.662996,24.193711,10.543572,20.950029
126.048467,24.015275,10.096660,20.752260
125.905595,24.784306,10.498500,20.439919
125.292109,23.575108,10.457619,20.851299
124.913284,24.198008,10.604921,20.356499
125.058907,23.760288,10.945896,20.815346
125.226054,23.622666,10.737232,20.855124
124.716853,24.035423,10.234721,20.644245
125.456711,23.668943,10.144113,20.662254
124.709900,23.500097,10.339218,21.018482
125.439074,22.869238,10.254582,21.029247
125.064493,23.331841,10.056031,21.254276
124.460390,23.892021,10.000000,21.242313
124.594268,23.353213,10.040903,21.007811
124.708698,23.652493,10.100994,20.753851
124.436750,23.212704,10.000000,20.886852
124.913867,22.806855,10.000000,20.652990
124.337635,23.196281,10.000000,21.001606
124.850108,22.746248,10.000000,20.801743
124.383357,23.082044,10.000000,21.062185
124.444811,22.902890,10.000000,20.933821
125.187340,23.245058,10.000000,20.912102
124.820350,22.437562,10.000000,21.134363
124.775965,22.051056,10.000000,20.986065
124.314091,22.017420,10.000000,21.130901
124.275236,22.505623,10.333504,20.742046
124.432392,22.787183,10.461021,20.633921
124.822335,21.736767,10.235267,20.988052
124.825803,21.888969,10.346597,20.491234
124.757691,21.586769,10.331370,20.467865
124.795661,22.036922,10.520174,20.696770
124.423624,21.995234,10.434842,20.823149
124.487714,21.252695,10.259947,20.964050
124.447314,21.580648,10.268145,20.900780
124.507153,20.654259,10.000000,21.025829
124.467164,20.851006,10.000000,20.733017
125.089236,21.490366,10.000000,20.703247
124.520257,20.824227,10.033771,20.860876
123.905741,21.385929,10.000000,20.563374
124.187790,20.478982,10.000000,20.923758
124.311985,20.952064,10.000000,21.021326
124.244740,21.546435,10.000000,21.073622
123.597582,20.352271,10.000000,20.821188
123.538364,20.535969,10.000000,20.664627
123.339049,20.266735,10.000000,20.976921
124.141948,20.092783,10.000000,20.597919
123.634800,20.757201,10.000000,21.018644
123.148587,20.365334,10.000000,20.623554
123.546999,19.661461,10.000000,20.553070
122.952128,19.991720,10.000000,20.328835
123.639595,20.288320,10.000000,19.982084
123.829815,19.758264,10.000000,20.340967
123.683430,20.005476,10.000000,19.955605
124.000871,20.701216,10.000000,19.721954
123.552298,19.938042,10.203212,20.057480
123.688574,19.916343,10.123019,20.138083
123.982376,19.957438,10.000000,20.189072
124.827413,19.402163,10.000000,20.505196
124.440811,19.655718,10.465506,20.204411
124.764836,20.216962,10.406114,19.924730
124.502955,20.412829,10.000000,19.462130
124.069032,20.395899,10.000000,19.456329
124.497556,20.246151,10.000000,19.569656
124.809090,19.987975,10.000000,19.683153
124.553683,20.454063,10.000000,19.381187
123.771812,20.104153,10.000000,19.914154
124.298888,19.486986,10.000000,20.099766
123.899899,20.256881,10.000000,19.464655
123.961975,20.039371,10.000000,19.608643
124.483593,20.455292,10.000000,19.540688
124.574886,20.343259,10.000000,19.602705
123.999509,19.499295,10.000000,19.961687
124.433018,19.982025,10.000000,19.633911
123.810702,20.424854,10.000000,19.618542
124.032386,19.544095,10.000000,20.076632
123.289595,20.299972,10.000000,19.326632
123.973163,19.940698,10.000000,19.492586
123.073390,19.756131,10.000000,19.825087
123.067018,20.464024,10.000000,19.319130
123.443563,20.233854,10.000000,19.381695
123.675027,19.945313,10.000000,19.526163
122.727811,19.874164,10.000000,19.600569
123.716792,20.277501,10.000000,19.578051
123.047162,20.356341,10.000000,19.568815
123.797276,20.301952,10.000000,19.487614
123.310294,20.323643,10.000000,19.529778
124.034487,20.202147,10.000000,19.490700
123.451869,20.220511,10.000000,19.427546
124.008413,19.952104,10.000000,19.567934
123.407681,19.987282,10.000000,19.563442
123.910125,19.810186,10.000000,19.525536
123.114493,19.730921,10.000000,19.677410
122.802391,20.314352,10.000000,19.508553
122.761271,19.913765,10.000000,19.972427
122.348670,20.394215,10.000000,20.006401
121.567918,19.696660,10.374928,20.279367
120.841461,20.185167,11.182592,20.383968
120.516941,19.725270,11.482070,20.230669
120.307111,20.243691,11.722350,20.264330
120.716567,19.948247,11.629403,20.603449
119.899671,20.021254,11.819447,20.776417
121.360455,19.504214,11.485083,20.807333
120.647201,19.699666,11.800513,20.791124
121.148384,19.473500,11.482203,20.567957
120.769495,19.620443,11.924189,20.549534
121.486567,20.419760,11.525704,20.481091
121.608005,19.538390,11.104651,20.584898
121.042999,20.118600,11.987964,19.819208
121.675126,19.615163,11.599675,20.449724
122.195724,19.484842,11.175735,20.547470
121.908566,19.828096,11.928098,20.877007
121.590342,20.050176,11.091669,20.914980
121.605696,19.579325,10.759977,21.736458
122.067724,20.032389,11.033629,21.881039
121.901616,19.861233,11.700864,22.120155
122.301462,19.981812,12.394275,22.433180
122.092708,19.359701,11.735817,21.588299
122.021625,20.108036,11.644008,21.354195
122.033358,19.310470,12.310034,22.196367
121.521635,19.782631,12.124853,21.518837
124.054215,19.859814,10.893402,20.319744
122.925760,19.862946,10.648302,19.061882
123.581289,19.945728,10.905494,19.946899
122.797340,20.684372,11.553641,19.968903
123.409752,20.239938,12.264441,20.865519
122.927161,19.766020,12.287857,21.225258
122.953043,19.958849,12.338053,20.945251
124.719937,20.365252,11.086361,19.539297
125.057286,20.257605,11.173424,19.505775
125.165137,20.467402,10.693028,18.762833
126.522068,21.013458,10.000000,18.358986
126.016850,20.391882,10.111195,17.783421
125.261827,20.581097,11.269464,19.807964
124.961083,20.327247,11.393737,20.214056
125.777040,19.764938,11.124046,19.422100
125.061346,19.655484,11.473244,20.163782
126.655487,19.931574,10.538414,18.763069
126.266702,19.291039,11.009825,19.002850
125.022638,19.564769,11.726487,18.906538
126.572992,19.651950,10.339791,18.898962
125.153887,19.493624,11.302470,19.517986
126.183763,19.497684,10.456754,19.793846
126.160431,19.393415,10.941887,20.018059
125.257643,19.524226,11.000523,20.097174
125.975220,18.416683,10.216518,20.265743
125.679745,18.403177,11.137432,20.045444
125.821873,19.594958,11.002330,20.047499
125.468806,18.097971,10.868307,21.059895
126.087792,18.891994,10.921645,19.113770
124.609666,19.103870,10.890783,19.432007
124.825698,18.437945,11.250238,20.799276
125.614623,17.971667,10.745139,20.129263
124.236290,17.726720,12.284805,22.210474
123.559594,18.789069,12.101172,21.745237
124.447377,18.123128,11.252569,21.698397
123.640249,18.824437,11.897194,20.111097
123.826256,17.551844,11.266566,21.353271
124.176785,17.403126,11.482837,20.881847
123.899454,17.533765,11.559258,22.567389
124.671865,17.666045,11.371302,21.146303
123.856461,17.195859,11.445412,21.491941
124.522837,18.137588,11.088355,21.472681
125.014318,17.272387,10.400848,20.622330
123.096856,17.545230,11.854049,21.817030
124.918487,17.342073,10.230653,20.211948
124.283184,18.085212,11.024064,21.808058
124.789354,17.683841,11.042554,22.120836
124.293393,17.644865,11.228927,21.458050
125.092125,17.226687,11.024352,20.837366
124.488832,17.884123,11.520204,22.047699
125.951685,17.188410,10.410163,21.641644
123.994982,16.910489,11.751732,20.644621
124.586717,17.466280,12.114733,22.353947
125.346180,17.096634,10.700908,21.261909
126.000824,17.900687,10.513206,21.567953
125.806715,17.813097,10.752617,19.884926
125.951889,17.997149,10.819740,21.699398
126.588018,17.697605,10.891850,20.053165
127.428841,17.744997,10.258732,19.352219
126.408845,18.221251,11.724439,21.032030
126.922497,18.308813,11.139617,21.276386
128.004405,17.775757,11.094043,21.261009
127.866103,18.825087,10.306986,20.238216
128.045224,17.875196,10.944872,20.791613
129.388205,17.709421,10.000000,20.203739
129.334550,18.468965,10.000000,20.049353
129.577903,17.963894,10.000000,19.765457
130.076021,18.418089,10.000000,19.931107
129.919840,17.941647,10.000000,19.633331
130.562330,18.163276,10.000000,19.643980
130.363962,18.791750,10.000000,19.053253
130.881263,18.176865,10.000000,20.041744
130.933255,17.842637,10.000000,19.932875
131.294375,18.500030,10.000000,20.517733
130.935122,18.059440,10.000000,20.111906
131.219521,18.018735,10.000000,19.889914
130.520385,19.325430,10.000000,20.118313
130.965720,18.690276,10.000000,20.262259
130.682423,19.350683,10.384038,20.683353
131.146667,19.197432,10.006808,20.289650
130.611944,19.032721,10.000000,20.335068
130.813395,19.627379,10.000000,19.826273
131.398438,19.427725,10.142198,19.570660
130.818070,19.228593,10.451430,20.006098
131.323002,19.946101,10.000000,19.344255
131.834496,19.046669,10.000000,19.352966
131.100698,19.428439,10.101850,19.617029
131.364305,19.453648,10.000000,19.697224
131.588884,19.421210,10.140759,19.952295
131.916045,19.492797,10.124006,20.100096
131.663528,19.447045,10.038066,19.712008
132.083743,19.733174,10.000000,19.430552
132.014441,20.595168,10.000000,18.982943
132.018509,20.225547,10.000000,19.125120
132.223787,19.886776,10.000000,19.205021
132.652110,20.752807,10.000000,19.592817
132.262948,19.660025,10.000000,19.709225
132.508896,20.391090,10.000000,19.218945
132.340514,20.233890,10.000000,19.330984
133.676537,20.114866,10.000000,19.394573
132.673312,20.204124,10.000000,19.281635
132.879930,20.104608,10.000000,19.320158
133.254555,20.012672,10.000000,19.376553
133.779277,20.006990,10.000000,19.499317
133.373874,20.210089,10.000000,19.498539
134.019227,20.324303,10.000000,19.587105
133.679352,20.596758,10.000000,19.474403
133.339690,20.804039,10.000000,19.482616
134.075154,19.978768,10.000000,19.417990
133.724835,20.195502,10.000000,19.438341
133.383140,20.448648,10.000000,19.439354
134.308302,20.594563,10.000000,19.535942
134.074708,20.908418,10.000000,19.382669
133.947018,20.070502,10.000000,19.443281
133.829166,20.356475,10.000000,19.318144
133.693728,20.543189,10.000000,19.395998
133.612152,20.710750,10.000000,19.483465
133.611509,20.900087,10.000000,19.440628
133.800278,20.003743,10.000000,19.508307
133.943821,20.169722,10.000000,19.509163
134.106672,20.326339,10.000000,19.459501
134.344578,20.510060,10.000000,19.367441
134.574688,20.656693,10.000000,19.403660
133.742097,20.950702,10.000000,19.310823
133.906596,20.011880,10.000000,19.567438
133.850417,20.349483,10.000000,19.442877
133.690323,20.672266,10.000000,19.402378
133.464839,20.986701,10.000000,19.335592
134.198877,20.170046,10.000000,19.181873
133.802627,20.446457,10.000000,19.244335
133.444526,20.739187,10.000000,19.238449
133.838417,20.882324,10.000000,19.237125
133.339426,19.918802,10.000000,19.304489
133.721993,20.029150,10.000000,19.341339
133.172007,20.301228,10.000000,19.118801
133.693772,20.284937,10.000000,19.260979
133.166089,20.463323,10.000000,19.187895
133.631242,20.541139,10.000000,19.402174
133.112714,20.787433,10.000000,19.312494
133.511442,20.898905,10.000000,19.407425
132.940524,20.123808,10.000000,19.308327
133.105623,20.225822,10.000000,19.288235
133.062029,20.349918,10.000000,19.405602
132.908412,20.498174,10.000000,19.386484
132.735217,20.645947,10.000000,19.133980
132.536767,20.661869,10.000000,19.098751
132.193347,20.709374,10.000000,19.290190
133.457023,20.787077,10.000000,19.233059
133.036487,20.985330,10.000000,19.049612
132.762331,20.094955,10.000000,19.143848
132.295566,20.327011,10.000000,18.958893
133.406122,20.514767,10.000000,18.980190
132.775090,20.853966,10.000000,18.819756
133.092721,20.502733,10.000000,18.905460
132.261108,21.550014,10.000000,18.785067
132.574120,21.238626,10.000000,18.952929
132.016118,20.544641,10.000000,18.945192
133.085447,20.907485,10.000000,18.984957
132.573326,21.491586,10.000000,18.784502
133.050904,21.132500,10.000000,19.199909
132.745165,20.470069,10.000000,19.230352
132.404920,21.043273,10.000000,19.200983
133.853809,20.325734,10.000000,19.218534
132.951549,20.882753,10.000000,19.338547
133.069930,20.295992,10.000000,19.313477
132.982830,20.797931,10.000000,19.263617
132.780055,21.290450,10.000000,19.345659
132.907197,20.700583,10.000000,19.271223
132.760280,21.083277,10.000000,19.465332
133.047134,20.385150,10.000000,19.482496
133.072085,20.817485,10.000000,19.461668
133.299856,20.163078,10.000000,19.446739
133.205481,20.706408,10.000000,19.174507
133.076284,21.202792,10.000000,19.099218
132.796239,20.767668,10.000000,19.055885
132.441435,21.538998,10.000000,18.904255
132.750656,21.706498,10.000000,18.787348
132.939410,20.777616,10.000000,18.759642
132.996349,21.099646,10.000000,18.755432
132.878131,21.344151,10.000000,18.862532
132.709398,21.610413,10.000000,18.834991
132.646394,20.793433,10.000000,18.904879
132.509785,21.145941,10.056780,18.985622
131.844751,21.044360,10.185759,18.980703
132.270808,20.950369,10.256478,19.129379
132.313693,21.714434,10.317555,18.832737
133.079142,22.070486,10.017133,18.613850
132.515806,21.755779,10.000000,18.396839
132.892823,22.361317,10.056914,18.724834
133.488240,21.735294,10.000000,19.028282
133.259387,21.923456,10.219795,18.835678
133.080129,21.894181,10.379396,18.933485
132.603490,21.404246,10.110301,18.999144
132.495423,21.409389,10.234718,18.944057
132.526167,21.431918,10.218533,18.934511
132.692813,21.450360,10.000000,18.929960
132.867322,21.452658,10.000000,18.999283
133.216580,21.550038,10.000000,18.861929
133.228984,21.959045,10.000000,18.900188
133.243549,21.146696,10.000000,19.199543
133.862415,21.200506,10.000000,19.049698
133.245895,21.185596,10.000000,19.074135
133.961597,21.210725,10.000000,18.946920
133.404073,21.185794,10.103520,19.005602
134.249308,21.163380,10.000000,19.003468
133.715312,21.162675,10.113565,18.924833
133.256044,21.119027,10.036020,18.984930
134.130363,21.038124,10.000000,19.040947
133.644153,20.938896,10.014920,18.908573
133.144149,21.923418,10.056379,18.440681
133.375431,20.737654,10.000000,18.807606
133.432826,21.102700,10.000000,18.495176
133.319609,21.231146,10.079515,18.761993
133.901305,20.771419,10.000000,19.266249
133.003515,21.613212,10.122179,18.977911
132.974304,21.046288,10.325053,19.449507
132.822713,21.130925,10.000000,19.283590
132.534497,20.315108,10.262490,19.687063
133.075508,20.192680,10.006046,19.628017
132.351655,19.776608,10.000000,19.720541
132.536974,20.577690,10.029679,19.366364
132.162407,20.495567,10.182183,19.573029
132.596409,20.087147,10.000000,19.559998
132.381076,20.101491,10.000000,19.603830
133.023709,20.814767,10.000000,19.224356
132.934545,20.658689,10.000000,19.634251
133.646410,20.236208,10.000000,19.608978
133.324724,19.731849,10.000000,19.642431
132.963571,20.489163,10.000000,19.250452
133.074006,20.508764,10.000000,19.232395
133.388854,20.448571,10.000000,19.266291
133.871044,20.479154,10.000000,19.342348
133.611444,20.679805,10.000000,19.136206
133.298170,20.761600,10.000000,19.162209
133.943061,20.913490,10.000000,19.283520
133.616210,20.089264,10.000000,19.271824
133.327824,20.561893,10.000000,18.827169
133.786151,21.635317,10.000000,18.713142
134.128643,21.673879,10.000000,18.341551
133.710117,21.512340,10.000000,18.395388
134.202368,21.556256,10.000000,18.065130
134.203532,20.726727,10.000000,18.451456
133.722737,21.636086,10.000000,18.174658
133.706419,20.868077,10.000000,18.064108
133.850789,21.221594,10.000000,17.896477
133.967604,21.519656,10.000000,17.829878
134.156356,21.681402,10.000000,17.873478
134.237864,20.634985,10.000000,18.240665
133.891472,21.336338,10.000000,17.985390
134.057653,21.551311,10.000000,18.025757
133.935219,20.557653,10.096118,18.656948
134.637841,21.684688,10.000000,18.498144
133.900103,21.446237,10.149011,18.285383
133.998261,21.200054,10.507538,18.547592
133.608591,21.628408,10.699480,18.056721
133.485693,20.660810,10.522113,18.547789
133.195957,21.092657,10.484271,18.225544
134.366842,21.279256,10.051066,18.642065
133.572677,21.030210,10.112511,18.612450
133.865855,20.721946,10.409905,18.582285
133.810930,20.945522,10.365523,18.682716
133.665975,21.199025,10.658501,18.727129
134.707992,20.832738,10.363814,18.999311
134.534770,20.731705,10.927358,18.841625
134.268224,21.121403,10.630843,18.826675
134.174434,21.288419,11.121455,18.726934
134.224245,21.354122,10.672278,18.337143
134.239197,21.366175,10.604363,18.262482
133.715536,22.420367,10.568964,17.766371
133.681184,21.942078,10.824097,17.841805
133.064574,21.057855,11.876218,18.944143
130.962659,18.748309,13.864326,20.585726
131.069969,19.948988,13.727305,20.212650
132.142628,20.180913,13.568124,20.660658
130.489882,18.040676,14.745741,22.848480
131.234424,20.284214,13.911961,20.335510
131.331911,20.713375,14.328879,20.270401
131.028423,19.354896,14.243373,21.931177
132.109173,20.438354,13.141863,19.819666
130.450661,15.048519,13.118821,23.616364
132.858962,21.714138,12.506123,18.475822
130.472029,15.746171,12.774279,21.929174
132.778915,21.446156,12.990385,19.149406
131.960327,17.248251,13.416391,22.097717
132.606283,18.485791,13.262137,21.519770
133.070754,17.710148,12.898198,22.695400
134.027681,18.022769,12.311949,22.391630
132.772972,17.116589,13.305316,23.144146
132.796042,17.089291,13.529958,23.946056
133.932625,19.073209,12.266352,21.650667
134.178061,18.477812,12.467060,22.365479
134.759437,18.861050,11.634997,21.651531
135.000957,21.229324,11.187059,18.697720
133.773300,16.886398,12.170378,22.908604
135.594840,20.147813,11.273316,19.890375
135.384144,17.935178,11.490099,22.410814
135.942526,20.312885,10.684591,19.611721
135.912074,18.977613,11.335037,21.736626
135.126499,16.313273,11.787551,24.320333
136.218280,20.787385,10.882584,20.090288
135.265755,15.180504,11.403666,24.781330
136.320110,17.763041,11.070460,22.301147
136.696807,19.427262,10.804069,21.229105
135.754941,17.608537,11.433456,22.621477
136.557107,18.973641,11.312484,22.399881
137.029699,21.273532,11.079954,19.618666
136.816264,19.063927,11.320709,21.610775
136.854670,21.139787,11.143381,20.109835
137.776875,21.355865,10.907183,19.809298
136.486069,18.656408,11.547987,22.270538
136.555417,19.147689,11.933590,22.479994
136.241327,19.904046,11.956400,21.888193
136.599529,21.359334,11.870627,20.395525
136.728487,18.641857,12.248510,22.884644
137.159631,18.407003,12.317795,22.758305
136.797953,17.644395,12.501402,24.043188
137.360662,20.145929,12.062246,21.016071
137.674316,19.386699,12.291003,21.742041
137.668364,21.421447,11.178449,20.494833
137.037523,20.819048,11.723655,21.070766
137.926053,18.868134,11.904145,22.418612
137.294662,20.047853,11.082754,21.887489
137.449313,20.789694,11.526714,21.137512
136.841078,18.952751,11.849100,22.353283
137.023584,20.919042,11.225489,20.857538
136.620989,21.526860,11.083455,20.369299
136.704988,21.619228,11.151552,20.107185
137.469370,20.764426,11.293650,20.374098
136.636369,21.867445,11.112121,19.939991
137.437115,20.969627,11.447610,20.371639
137.147830,21.634146,11.465008,20.077858
137.580271,21.744572,11.029119,19.887596
137.172429,21.093644,11.044541,20.050657
136.539767,21.823932,10.595963,19.614740
136.882793,21.300760,10.537486,19.856506
137.331601,21.942348,10.568460,19.626499
136.574158,21.091773,11.288339,20.105619
136.849677,21.472179,10.828632,19.897160
136.855437,21.580541,10.722286,19.936457
136.636562,21.621402,10.934333,19.962049
137.141182,21.308403,10.730608,19.710457
137.050492,21.307258,10.754716,19.628798
136.950503,21.310043,10.677704,19.628830
137.278533,21.807531,10.587184,19.540222
136.528480,21.042706,10.849319,19.793447
137.589837,22.106510,10.861141,19.649765
136.462789,21.886255,10.647182,20.014381
137.175241,22.054770,11.114523,19.968880
136.743996,21.637648,10.867090,19.804260
136.570754,21.645878,11.228436,19.911236
137.216613,21.241525,11.004069,19.740080
136.970370,21.218625,10.872776,19.853300
136.651500,21.274772,10.793911,19.774534
136.214822,21.198738,10.804535,19.882275
136.968822,21.309207,10.752510,19.794668
136.541206,21.285317,10.745531,19.672976
137.353706,21.401687,10.818240,19.615705
137.156334,21.463318,10.730138,19.680534
136.763172,21.453918,10.795206,19.901329
136.402986,21.482054,10.858275,19.882130
137.075176,21.607258,11.063890,19.895584
136.761761,21.124238,10.666761,19.740938
136.363436,22.116551,10.993448,19.651720
137.362425,22.107468,10.879571,19.735332
137.310962,21.990007,10.673682,19.834393
137.272286,21.960418,10.669133,19.681604
136.824263,21.341269,10.621819,19.812555
136.855814,21.367435,10.646522,19.767944
136.915007,21.410975,10.625391,19.747036
137.458648,21.976393,10.470978,19.664944
136.882862,21.320231,10.679506,19.694365
136.854291,21.181493,10.603858,19.868940
136.749937,21.161307,10.762450,19.877485
136.742952,21.062450,10.606410,19.928448
136.789546,21.138699,10.511185,19.698086
137.266572,21.513868,10.387367,19.711456
137.621273,21.809034,10.435057,19.764359
136.980958,21.154246,10.518662,19.812002
137.366516,21.490980,10.441885,19.649132
136.635629,21.837815,10.504940,19.789984
137.094242,21.113051,10.717173,19.765375
136.798747,21.965781,10.820691,19.763250
136.723426,21.837263,10.742153,19.825809
136.644516,21.721774,10.741073,19.854715
136.608418,21.655262,10.672242,19.780514
137.548848,21.482597,10.816571,19.840622
137.397007,21.369336,10.704718,19.710707
137.258881,21.215302,10.840432,19.702023
137.392546,21.014323,10.555044,19.796953
136.852566,21.344789,10.712422,19.725943
137.387688,21.133083,10.292715,19.961765
137.073237,21.481800,10.306957,19.780575
138.048261,21.713018,10.015793,19.783783
137.278237,21.489151,10.226808,19.846375
137.501840,21.233435,10.208865,19.566360
137.829446,20.810545,10.178866,19.786797
138.239537,21.516627,10.127720,19.724077
137.428988,21.311668,10.189091,19.788067
137.873087,21.058598,10.059072,19.754444
138.334261,21.759403,10.000000,19.909115
137.846162,21.611828,10.000000,19.952747
138.487721,21.241063,10.000000,20.002039
138.156819,21.112769,10.000000,19.717630
137.801356,21.799194,10.158191,20.082291
138.524037,21.199782,10.000000,20.012003
138.631217,20.987340,10.000000,19.775377
138.791097,21.803041,10.058547,19.883085
139.148106,21.501787,10.000000,19.844120
138.575017,21.190656,10.000000,20.162489
139.109385,21.044732,10.000000,19.773657
138.410240,21.767701,10.000000,19.959528
139.259567,21.552526,10.000000,19.883778
138.927711,21.348246,10.000000,19.904266
139.820335,21.047214,10.000000,19.865400
139.344277,21.742576,10.097499,19.997904
139.229870,21.534642,10.026202,19.900530
139.096582,21.294992,10.028588,19.900009
138.997751,21.026934,10.000000,19.991478
140.018805,20.692921,10.000000,19.926678
138.695545,21.625908,10.000000,19.811859
139.738009,21.208785,10.000000,20.053865
139.791646,21.072537,10.000000,19.917635
139.821472,20.870614,10.000000,19.904612
139.806611,21.708637,10.000000,19.998814
139.724619,21.497058,10.000000,20.051165
139.510851,21.274012,10.000000,20.066895
139.359540,21.052700,10.004613,19.970631
139.095201,20.786404,10.117552,20.052269
139.066560,21.677222,10.000000,19.976633
138.767065,21.425279,10.121025,19.948114
139.722984,21.084870,10.000000,19.863909
139.278196,20.792049,10.229512,20.022133
139.888007,20.932660,10.000000,20.207438
139.595562,20.798017,10.118256,20.040903
139.454026,21.679950,10.033844,19.929766
139.174160,21.424911,10.000000,20.074749
138.899405,21.202594,10.005840,20.176020
139.726748,21.030123,10.000000,19.920784
139.392364,21.758622,10.000000,19.993383
139.067817,21.516766,10.000000,20.039425
138.736924,21.268232,10.000000,20.124912
139.556047,21.093519,10.000000,19.815559
139.464746,20.741851,10.000000,20.013922
139.275381,21.613499,10.000000,20.001518
139.008480,21.397404,10.000000,20.096863
138.770210,21.257514,10.000000,20.049902
139.713171,21.054471,10.000000,19.982531
139.542934,20.832831,10.000000,19.992331
139.306469,21.871771,10.000000,19.850258
139.000899,21.728695,10.064411,19.941975
138.797527,21.571591,10.084580,19.867075
139.782009,21.443228,10.000000,19.613415
139.596270,21.151136,10.014223,19.865368
139.302605,20.963728,10.003763,19.840260
139.100529,21.902647,10.000000,19.769867
138.898515,21.901300,10.000000,19.752430
140.120705,21.768304,10.000000,19.626780
138.686130,21.523345,10.000000,19.954115
139.999454,21.442576,10.000000,19.576006
139.182044,21.488161,10.000000,20.101490
139.073255,21.405363,10.000000,19.887272
138.940272,21.168190,10.000000,19.937408
140.011792,21.001251,10.000000,19.699711
138.762074,21.790069,10.000000,19.762094
139.592731,21.563695,10.000000,19.702250
139.170228,21.309384,10.000000,19.825655
138.674964,21.120873,10.000000,19.942156
139.416322,20.891253,10.000000,19.727419
138.624069,21.923631,10.000000,19.471174
138.570997,21.122269,10.000000,20.050301
139.057505,21.379025,10.000000,19.334858
138.864688,22.002308,10.000000,19.395020
138.874135,21.879180,10.055322,19.341570
138.903516,21.889241,10.120038,19.147699
139.144007,23.616775,10.094275,18.029932
139.567346,22.988596,10.000000,18.249073
139.003800,23.269334,10.520291,18.247694
139.553450,24.919541,10.328666,16.990732
140.492798,25.093731,10.000000,16.823601
140.614888,24.958395,10.000000,16.123482
140.062178,25.338482,10.297936,15.671901
139.401570,25.782288,10.524964,15.365626
139.629029,26.274374,10.577694,15.286430
140.247094,27.146620,10.428276,14.846461
140.770102,26.405145,10.000000,14.260999
139.716743,26.443439,10.220999,14.366259
140.291685,27.019606,10.256383,14.461540
139.884655,26.683604,10.188596,14.320482
140.772491,27.720365,10.046080,14.202016
140.163054,28.113236,10.000000,13.029699
140.457021,28.054269,10.000000,12.917334
140.566632,28.110993,10.264666,12.776324
140.212270,29.118985,10.000000,13.084219
140.905273,28.175400,10.000000,12.714000
140.549085,28.085333,10.000000,12.465382
139.755574,27.716148,10.067392,13.676304
139.849716,27.548499,10.226451,14.316699
140.031194,27.642513,10.146592,14.584797
139.165044,28.138583,10.229279,14.013240
139.803799,28.106342,10.087726,13.917412
139.282131,27.961208,10.000000,14.039024
140.792743,28.132381,10.000000,13.719696
139.086375,29.109404,10.344011,13.395103
138.954514,28.457232,10.488906,13.082832
138.735804,29.558074,10.000000,12.842586
138.912500,28.556902,10.000000,12.810622
137.452131,28.722471,10.774365,13.046436
136.459704,28.931848,10.869127,12.601988
136.870523,28.077792,10.347459,13.412249
136.265858,28.457113,10.574345,13.484665
135.119158,28.835153,11.474972,13.902635
134.229943,29.033322,11.738551,13.030165
134.295764,28.497440,10.937932,12.879009
132.507396,28.306408,12.416494,13.719592
132.881398,28.115560,11.686843,13.465875
131.887528,28.672744,12.587202,14.047013
131.647776,28.507086,11.787075,13.037754
129.680956,28.452162,12.080463,13.445846
129.664996,27.914143,12.453223,13.559216
129.261895,27.461555,11.538081,13.707487
128.239269,27.430852,11.894139,14.063471
127.969966,27.975766,11.834752,14.474624
127.639803,26.983546,12.251335,14.611757
126.165813,27.158547,12.568559,16.427103
126.300743,26.987885,11.671436,16.985994
125.043858,26.598800,11.124352,17.147463
124.752159,27.266901,10.701626,16.672024
124.139699,26.164959,10.905149,16.978893
123.838216,26.427223,10.861379,17.227180
122.844873,24.769863,10.964016,18.425854
122.221800,25.962717,11.220687,18.436317
121.490364,25.214046,11.729615,18.974644
121.567791,24.150579,11.937617,19.801582
120.078380,24.528002,12.455759,19.786633
119.870128,24.378855,12.101610,19.857319
119.657444,24.310814,10.718727,19.697334
118.296374,23.972215,10.000000,20.127222
117.838788,23.853230,10.000000,19.695112
117.936925,24.715823,10.000000,19.094931
116.884790,24.296377,10.000000,19.149284
116.411994,23.651283,10.000000,20.742634
116.469110,23.859076,10.000000,20.268097
115.264593,24.566000,10.000000,20.253616
114.089845,24.199661,10.555590,20.350739
113.273843,23.831721,11.243588,20.442320
113.065001,23.654322,11.595981,20.301563
112.208885,24.189043,11.621067,19.900043
111.366959,23.737223,11.243266,20.224777
111.583078,24.571459,11.244908,20.140419
110.498887,24.400405,10.000000,20.164736
109.914802,24.197013,10.000000,19.942266
109.715778,23.723528,10.000000,20.032299
108.626441,24.113326,10.000000,19.996870
108.166016,23.182672,10.000000,20.525984
107.475441,23.379820,10.000000,21.283161
106.973073,22.605500,10.000000,21.053045
106.985676,22.991119,10.000000,20.821369
105.712424,24.201977,10.000000,20.122299
105.281105,23.537055,10.516706,20.227068
104.404284,24.046156,10.997993,20.044250
103.639075,23.679806,11.049484,20.186874
103.405547,23.553239,10.762864,19.940172
102.666653,23.480054,10.269491,20.344843
101.623770,22.928261,10.000000,20.586296
100.891254,23.477595,10.000000,20.098036
101.380240,23.246026,10.000000,20.162886
100.109141,22.931548,10.000000,20.127752
99.141744,23.929358,10.000000,20.211069
98.750676,22.822086,10.000000,20.539326
98.379395,23.346648,10.000000,20.453985
98.134780,22.852355,10.057032,20.727160
97.431571,23.494255,10.436414,21.035229
96.418846,23.242417,10.854656,21.082609
97.084212,23.587004,10.662237,20.879421
96.225002,22.993156,11.093839,21.425808
95.127800,22.803042,11.413678,21.492945
95.127637,23.310284,10.923692,21.566086
93.803535,23.216252,10.395767,21.137785
93.611382,22.879231,10.184798,21.150633
93.380869,23.028430,10.000000,20.566553
92.878160,22.958365,10.000000,22.702192
92.132692,22.598625,10.022710,20.753063
90.982006,22.574129,10.644895,21.635880
89.662506,22.575508,11.048070,20.163559
90.754112,22.490007,10.481412,20.752575
89.877923,23.352128,11.171494,21.308580
89.622763,22.898889,10.472916,20.264174
88.760275,22.464702,10.974952,22.565058
87.675008,23.114063,11.138310,20.953785
88.080437,22.374177,10.775990,21.708353
88.262287,23.025846,11.116943,22.107092
87.744877,21.777516,10.119494,21.551046
87.087331,21.784310,10.000000,20.312952
87.138232,22.133676,10.000000,20.058275
86.110443,21.727224,10.000000,21.231003
85.623428,21.702838,10.000000,20.749830
85.109896,22.147536,10.000000,20.349188
85.425941,22.646664,10.000000,20.413147
85.035516,21.914034,10.433928,21.072681
84.501013,23.229946,10.110723,19.928185
83.923740,22.446105,10.000000,20.178804
84.015818,23.085482,10.000000,19.316303
82.999557,22.458920,10.430664,20.539110
82.232140,23.276383,10.806934,20.621614
81.255589,22.262912,11.137014,20.710745
81.971384,23.551178,10.195279,19.432316
80.661773,22.775635,10.274260,19.650307
80.918471,23.153364,10.262247,19.239433
79.492076,23.343296,10.000000,19.280704
79.822893,23.086155,10.000000,18.968678
78.623487,22.662929,10.000000,18.984735
77.938155,23.683559,10.000000,18.683048
78.258238,22.845945,10.000000,18.966122
77.371755,23.760319,10.126692,18.811314
76.815368,23.286888,10.551607,19.125294
75.593658,23.867087,10.824678,18.712465
74.896124,22.877233,11.213990,19.493616
74.341141,23.060554,11.319038,19.312227
74.433559,23.119774,10.961152,19.368664
74.271415,23.756574,10.359457,19.298140
73.391573,23.174163,10.000000,19.301352
73.400429,23.157948,10.000000,19.220615
72.788042,23.169949,10.000000,19.204521
71.560947,23.074673,10.000000,19.215015
70.527764,23.089722,10.000000,18.789173
69.804037,23.405429,10.261699,19.356211
70.106472,22.996189,10.419028,19.474823
69.155229,23.808285,10.216434,19.567318
68.703204,23.740120,10.480629,19.968357
68.403638,23.601804,10.524989,19.814451
67.743697,23.688910,10.501102,19.351484
67.378967,24.722899,10.871557,19.615015
67.654935,24.423957,10.393135,19.389448
67.328102,23.990612,10.000000,19.262562
67.126827,23.982176,10.000000,19.182503
66.534019,23.787702,10.000000,18.609182
65.869312,24.061340,10.000000,18.759556
65.923666,24.351535,10.000000,19.045637
65.082921,24.302711,10.000000,19.127377
64.939555,24.267151,10.000000,19.056412
64.381995,24.211499,10.000000,19.373217
64.229971,24.220571,10.000000,19.715944
63.082938,23.932349,10.000000,19.422548
62.809268,24.148036,10.187443,19.411028
62.615498,25.090689,10.408724,19.020153
61.624002,24.527698,11.207561,19.454477
61.347769,25.079628,10.849325,19.085117
60.597044,24.296445,10.760195,19.298216
60.798410,25.141658,10.000000,18.735113
60.956601,25.394650,10.000000,18.376932
60.708638,25.493739,10.000000,18.268286
60.220932,25.558215,10.000000,18.166269
59.858404,24.989249,10.000000,18.341566
59.552413,25.210694,10.000000,18.039083
58.431636,26.035353,10.000000,18.183636
59.304033,26.261937,10.000000,18.001600
58.915602,26.493195,10.000000,17.941765
58.265502,26.862098,10.000000,17.749990
58.479036,26.070602,10.000000,18.059669
57.976065,26.827137,10.000000,17.418797
57.952471,27.302275,10.000000,16.860096
56.939149,27.059220,10.000000,17.230051
57.449616,28.059665,10.000000,16.359278
57.028750,28.382716,10.000000,15.981273
56.120991,28.164491,10.000000,16.119814
56.053986,27.962476,10.000000,16.401060
56.298781,28.666157,10.000000,16.133850
55.613260,28.974680,10.000000,15.989627
55.575375,29.012410,10.000000,16.471930
54.882784,29.041355,10.130981,16.390274
54.846669,28.976324,10.006805,16.454689
54.140514,29.192034,10.492211,16.562538
53.934898,29.065766,10.224221,16.295172
53.903039,29.284698,10.162874,16.363659
53.560660,29.750017,10.244826,16.209457
52.664288,28.388354,11.063413,17.720243
52.592855,29.063294,10.511389,15.923488
52.750846,29.144135,10.479025,16.382147
53.362687,28.924299,10.295199,16.277565
51.892730,29.264740,10.856482,15.985116
51.691163,28.593376,10.947586,16.591736
52.086608,29.132143,10.832739,16.471790
51.358973,29.738186,10.828964,16.199608
52.072273,29.411819,10.000000,16.414627
52.075755,28.730635,10.090550,16.499695
52.005737,29.066205,10.328011,16.395197
51.457332,28.957452,10.071259,16.183420
52.460226,29.077201,10.165592,16.419386
51.327670,29.549487,10.383424,16.575193
51.973296,29.679707,10.000000,16.620594
52.017395,28.988166,10.000000,17.273848
51.212573,29.518448,10.000000,16.493916
52.447651,28.855828,10.000000,17.566999
52.920725,28.686235,10.000000,17.338203
53.002026,29.032472,10.000000,16.886690
52.881770,29.790284,10.000000,16.551203
52.776854,29.869870,10.000000,16.305647
52.764266,29.927519,10.000000,16.148067
53.069001,29.035888,10.000000,16.401758
53.057812,30.377955,10.000000,15.477346
53.071902,30.573802,10.000000,15.421365
53.055140,30.750907,10.000000,15.474587
53.017231,30.955850,10.000000,15.522550
52.941559,29.809546,10.000000,16.150101
52.972532,30.740490,10.000000,15.683948
52.750417,30.347439,10.000000,15.976994
52.398892,30.012299,10.000000,16.014877
51.980806,29.641800,10.034116,16.117954
52.513335,30.302933,10.195999,15.981911
51.342855,30.560745,10.440202,16.041332
51.500776,29.471929,10.000000,16.568636
51.455410,30.066289,10.106836,15.961453
51.838877,29.483936,10.233829,16.530109
52.418733,30.597225,10.477913,15.936676
51.496381,29.811611,10.643964,16.483795
51.779606,29.994123,10.467379,16.101852
51.533000,31.118073,10.570633,15.335971
51.689774,31.862205,10.661505,14.966616
50.899846,31.982515,10.551119,14.570946
51.893934,32.686176,10.437800,14.324425
51.214376,33.324341,10.502536,13.966216
51.795620,33.193498,10.587386,13.512789
51.901061,33.818840,10.414682,13.274860
51.981180,34.549006,10.847721,12.969913
52.445804,34.469735,10.523544,12.598884
52.090913,34.907183,10.703812,12.609252
52.454379,34.565249,10.212717,12.190787
52.518768,35.229333,10.330475,11.897851
53.202257,35.039243,10.000000,11.585027
53.244551,35.178638,10.000000,11.786013
53.304967,35.428768,10.000000,11.839439
53.509839,35.578737,10.053155,11.912083
52.650640,35.020871,10.206345,11.908011
53.740165,35.786819,10.136895,12.005085
54.328497,35.791055,10.000000,11.682802
53.896428,34.938746,10.087341,12.472373
54.955729,35.006128,10.000000,12.053422
55.127066,35.261969,10.000000,12.196789
53.906382,35.130984,10.000000,12.207320
55.263196,35.087214,10.000000,11.979747
55.467052,35.117066,10.000000,12.308340
54.544591,34.856204,10.000000,12.160941
54.822624,35.263394,10.000000,12.744784
54.029290,34.520427,10.000000,13.000326
54.481647,34.927893,10.000000,11.826125
54.540577,34.786834,10.000000,12.369818
54.059599,35.370474,10.000000,12.353526
53.703185,34.865316,10.000000,12.002834
53.956097,34.286314,10.000000,12.435550
54.550181,34.420142,10.000000,12.510833
54.086066,34.592665,10.000000,12.681034
54.321362,34.360990,10.000000,12.486845
53.820532,34.430115,10.000000,12.598572
54.332477,34.457011,10.000000,12.457544
53.841681,33.927638,10.000000,13.151057
53.800569,32.808707,10.000000,13.403186
54.288305,33.350763,10.000000,13.254849
54.075572,33.252133,10.000000,13.748011
53.874148,32.011380,10.000000,13.894392
53.889627,32.267013,10.000000,13.987535
54.013934,32.157025,10.000000,14.470851
53.767205,30.994776,10.000000,15.123062
53.855903,30.985410,10.000000,14.956755
54.341053,31.203679,10.000000,15.015468
54.475630,30.836589,10.000000,14.720919
54.172266,30.950843,10.000000,14.798280
53.940891,31.112890,10.000000,14.828594
54.939497,31.290123,10.000000,15.016976
54.473839,31.179541,10.000000,15.022601
55.044476,31.113160,10.000000,15.346395
54.647907,31.380895,10.000000,15.116247
54.284021,31.893682,10.000000,14.785160
54.318537,32.048492,10.000000,14.625844
54.224863,32.122965,10.000000,15.024220
54.504944,32.200300,10.000000,14.121732
53.625561,32.965020,10.000000,14.215597
53.706225,33.191615,10.000000,14.060564
53.591770,33.411279,10.000000,14.628797
53.674818,33.540813,10.000000,14.001041
53.155085,32.978789,10.000000,13.854612
53.329169,33.682468,10.000000,13.255642
52.688681,33.588727,10.000000,14.077875
52.444893,33.631239,10.000000,14.986008
52.661417,33.385733,10.000000,15.866158
52.435504,33.777411,10.035218,17.444193
51.925926,33.644174,10.431549,16.712595
51.624888,33.211969,10.417357,17.240070
51.473285,33.563793,10.618919,18.506313
52.087305,33.813341,10.848625,18.348934
51.661272,34.017168,10.643646,18.861504
53.029515,33.149297,10.000000,17.786024
52.135199,33.727051,10.000000,15.641075
51.756619,33.850022,10.024414,18.084688
52.165332,33.082753,10.000000,17.324610
51.861545,33.856882,10.000000,17.306431
52.764588,33.068161,10.000000,17.125984
52.445951,33.854795,10.000000,16.520393
52.914003,33.479294,10.000000,16.994579
52.642936,34.198020,10.000000,15.432681
52.154581,33.573779,10.000000,13.734533
52.711441,33.445504,10.000000,13.050113
53.080047,33.395595,10.000000,12.869791
53.693772,33.095123,10.000000,12.955533
53.616235,32.778362,10.000000,13.409383
53.835961,33.082278,10.000000,13.512214
54.132650,33.251075,10.000000,13.365267
53.941390,32.994078,10.000000,13.614983
54.569415,32.649651,10.000000,13.901538
54.298780,31.833806,10.000000,14.308313
54.942970,32.289409,10.000000,13.869555
54.907866,32.590007,10.000000,13.880365
55.089140,31.542480,10.000000,14.523533
54.656897,32.333498,10.000000,14.766696
55.405921,31.449624,10.000000,15.168162
55.846975,30.854925,10.000000,15.482163
55.654447,30.019901,10.000000,15.802388
55.732332,31.311147,10.000000,15.516152
55.734867,29.786465,10.000000,16.281979
55.801641,30.147962,10.000000,15.844171
56.799673,29.573750,10.196928,15.718161
57.053867,30.133134,10.331313,15.639181
56.568462,30.310898,10.371089,15.395603
57.581401,29.331779,10.000000,14.760670
57.317488,29.668331,10.739759,15.502804
57.318322,30.087384,10.781510,15.123648
57.609264,28.731445,10.647552,16.532925
58.249237,29.512738,10.860796,15.995101
58.301813,29.156326,10.000000,16.308075
58.748593,29.451597,10.000000,16.257000
58.739925,28.594018,10.337760,16.260748
59.157532,28.703449,10.691658,16.380497
59.718683,29.127855,11.388258,16.508171
59.814516,28.245635,11.464380,16.791780
59.826310,27.960093,11.442638,16.852783
60.080646,28.634608,11.674747,17.103811
61.401336,27.125992,11.473678,17.612926
61.443072,28.159074,11.128945,17.341017
62.915909,27.136650,10.601400,17.570900
63.837555,27.816597,10.000000,17.454494
65.321265,26.827488,10.000000,17.908459
65.976411,26.197801,10.000000,18.093576
66.021927,26.550247,10.000000,18.423248
65.865028,25.890463,10.000000,18.992546
66.799948,25.540457,10.000000,19.465302
66.800090,25.330737,10.000000,19.423178
67.188650,24.852882,10.084535,19.694122
67.332493,24.577301,10.473596,19.890064
67.465892,23.751650,10.739071,20.096897
69.511571,24.869450,10.340896,19.539398
70.035349,24.261930,10.000000,19.469360
71.429495,24.204960,10.000000,19.173111
72.505204,23.854593,10.000000,19.326962
72.093239,23.268805,10.000000,19.467197
73.570677,23.384277,10.000000,20.388817
73.424444,22.963815,10.000000,20.183996
74.382432,22.733931,10.000000,20.256901
74.419619,23.902697,10.000000,19.988480
74.761941,23.639705,10.194777,20.100431
74.893810,22.996962,10.722390,20.000549
75.043906,24.213214,11.094233,19.785048
75.203820,23.544159,11.267219,19.850945
76.173393,24.073080,11.135386,19.338093
77.654599,23.790084,10.808566,19.194899
78.778977,23.566905,10.164603,19.426641
80.579746,22.878609,10.000000,19.263920
80.548352,22.623947,10.000000,19.381725
81.177679,23.288643,10.000000,19.650337
82.032558,22.122411,10.000000,20.208292
82.340093,22.253167,10.000000,19.990431
83.077618,22.083024,10.000000,20.612135
83.545371,23.124589,10.001727,20.360659
83.426389,22.793200,10.029884,20.324520
84.547965,22.394467,10.585968,20.418455
84.786619,22.587770,11.159299,20.391083
84.998002,22.546167,11.414623,20.420074
85.705251,21.735102,11.425287,20.926682
87.625144,22.115023,10.529388,20.248711
88.244113,21.599730,10.701404,20.606285
88.092932,21.515289,10.000000,21.503956
88.550206,21.056601,10.000000,21.396969
89.431528,21.163462,10.000000,21.063484
90.691729,21.062072,10.000000,19.926779
91.691347,20.692875,10.000000,19.168171
90.571028,21.420701,10.174000,20.682207
92.329925,21.277368,10.000000,20.324316
93.389492,21.423735,10.245050,19.824356
92.608669,21.675607,10.823886,19.886335
93.945690,21.389330,10.000000,19.699848
95.435601,21.042325,10.064253,19.620565
95.304824,21.800878,10.151244,19.860140
96.032012,21.349422,10.000000,19.910366
96.035016,20.929426,10.000000,19.834900
96.713475,21.724084,10.000000,19.359919
97.980342,21.552320,10.000000,19.506575
98.843341,21.202336,10.000000,19.685347
99.844175,20.125727,10.000000,20.063412
100.292663,20.091916,10.000000,20.264532
100.184907,19.945962,10.000000,20.622072
101.148393,20.659309,10.000000,20.606251
101.444265,20.264255,10.000000,20.557100
102.210472,19.670133,10.246761,20.720102
101.819142,19.799799,10.528373,20.584839
101.993386,20.040905,10.606288,20.099014
102.763002,19.866891,10.740761,20.190535
103.296956,21.090105,10.372847,19.769428
105.316057,20.080607,10.000000,20.043669
105.052406,19.800456,10.000000,19.721273
105.794464,20.576298,10.000000,19.346981
106.603193,20.358714,10.000000,19.639803
107.591533,19.652233,10.000000,19.612705
107.775733,19.821908,10.000000,20.385862
107.962807,19.883037,10.000000,20.056322
109.332970,20.317069,10.000000,20.099329
108.709726,19.737318,10.000000,20.272942
109.811246,20.248787,10.015183,20.412937
109.414649,20.433655,10.758870,20.138245
110.451023,19.953089,10.724612,20.355343
110.083726,20.322559,11.018086,19.979668
110.617992,20.286188,10.446476,20.037472
111.554648,20.146422,10.054670,19.994436
112.858316,19.491704,10.000000,19.942389
113.865935,20.106672,10.000000,19.584072
113.677745,19.901624,10.000000,19.697557
