243.600000,93.000000,2.000000,2.400000
243.084997,91.876390,10.000000,10.000000
241.768947,90.200940,10.000000,10.000000
246.135467,90.071927,10.000000,10.000000
247.284308,89.885524,10.000000,10.000000
248.319535,89.752119,10.000000,10.000000
245.868992,89.894230,10.000000,10.000000
247.934094,90.647740,10.000000,10.000000
243.863356,94.849723,10.000000,10.000000
249.394893,94.439561,10.000000,10.000000
244.207037,95.991513,10.000000,10.000000
250.647141,96.276755,10.000000,10.000000
242.943022,92.706109,10.000000,10.000000
243.630707,90.979517,10.000000,10.000000
242.744062,91.639827,10.000000,10.000000
243.592428,89.711636,10.000000,10.000000
248.972867,89.565200,10.000000,10.000000
259.206912,94.479735,10.000000,10.000000
259.500023,94.426897,10.000000,10.000000
253.844527,88.656158,18.017040,11.213626
256.739360,87.341881,10.000000,10.108634
259.757158,89.756670,10.000000,10.000000
259.570489,89.203436,10.000000,10.000000
259.635421,89.168229,10.000000,10.000000
260.353110,89.278775,10.000000,10.000000
261.182301,89.475858,10.000000,10.000000
261.027959,90.090385,10.000000,10.000000
256.954173,88.948068,10.000000,10.000000
259.589901,89.957899,10.000000,10.000000
255.596578,89.383635,10.000000,10.000000
248.801518,85.606615,20.146837,12.873720
247.579981,84.001953,18.997683,17.610510
247.308630,81.910924,26.516771,21.349110
240.057205,74.161910,62.641426,37.917770
200.284069,49.507323,126.416000,79.474472
267.269378,82.991866,33.329201,25.867935
245.355054,77.489593,62.295849,39.423996
269.156054,88.919522,24.832857,22.222935
260.529558,85.923248,35.913433,25.392195
243.692991,72.409539,62.016628,40.683582
267.506390,90.294963,25.447935,22.776733
253.164550,80.286813,50.307877,34.603489
217.792472,63.786359,94.705276,57.954281
217.504592,81.100757,80.982483,42.303543
273.711872,91.786374,15.791770,17.721905
257.524549,82.225750,42.425282,29.887465
247.451517,126.065483,10.000000,12.356421
248.555523,127.242814,10.000000,10.000000
249.023069,128.045881,10.000000,10.000000
249.683950,127.358002,10.000000,10.000000
248.675724,127.644115,10.000000,10.000000
248.781615,126.982382,10.000000,10.000000
248.442874,127.675249,10.000000,10.000000
248.812146,128.052909,10.000000,10.000000
247.835759,129.655394,10.000000,10.000000
247.647819,130.055415,10.000000,10.000000
247.808801,131.837839,10.000000,10.000000
248.029646,132.408652,10.000000,10.000000
248.899314,136.861599,10.000000,10.000000
248.066371,130.922546,10.000000,10.000000
247.043088,129.953850,10.000000,10.000000
247.829441,130.715124,10.000000,10.000000
247.549839,130.696137,10.000000,10.000000
246.908795,130.270355,10.000000,10.000000
247.628707,131.025936,10.000000,10.000000
247.415148,130.723577,10.000000,10.000000
247.955076,130.385476,10.000000,10.000000
247.517380,131.034891,10.000000,10.000000
247.322450,130.879704,10.000000,10.000000
247.662174,130.272789,10.000000,10.000000
247.316307,130.937968,10.000000,10.000000
247.616822,130.595154,10.000000,10.000000
247.145241,130.317791,10.000000,10.000000
247.865321,131.384664,10.000000,10.000000
247.723089,131.371621,10.000000,10.000000
247.483631,131.169550,10.000000,10.000000
248.302219,130.996143,10.000000,10.000000
247.810633,130.642391,10.000000,10.000000
246.426681,130.089376,10.000000,10.000000
247.392182,130.259223,10.000000,10.000000
247.639818,130.806895,10.000000,10.000000
247.564024,130.776665,10.000000,10.000000
247.464826,130.755577,10.000000,10.000000
248.034417,130.419255,10.000000,10.000000
247.904586,131.266166,10.000000,10.000000
247.869992,131.284049,10.000000,10.000000
247.512896,131.238024,10.000000,10.000000
247.132782,131.174251,10.000000,10.000000
247.632345,130.822292,10.000000,10.000000
247.002140,130.510900,10.000000,10.000000
247.242057,130.081852,10.000000,10.000000
248.093909,131.232156,10.000000,10.000000
247.936040,131.068740,10.000000,10.000000
247.848005,130.891059,10.000000,10.000000
247.692868,130.683325,10.000000,10.000000
247.524579,130.636482,10.000000,10.000000
247.485548,130.549898,10.000000,10.000000
248.317845,130.769857,10.000000,10.000000
248.141542,130.544434,10.000000,10.000000
247.986606,130.490473,10.000000,10.000000
247.528612,131.173913,10.000000,10.000000
247.328462,131.212011,10.000000,10.000000
247.620016,130.700612,10.000000,10.000000
247.223809,130.537483,10.000000,10.000000
247.510768,130.113684,10.000000,10.000000
247.282745,131.220203,10.000000,10.000000
247.161205,130.753866,10.000000,10.000000
247.259585,130.269669,10.000000,10.000000
248.169639,131.430750,10.000000,10.000000
248.200630,131.606802,10.000000,10.000000
248.156131,130.664591,10.000000,10.000000
248.066208,130.667505,10.000000,10.000000
247.784998,130.750213,10.000000,10.000000
247.618075,130.965082,10.000000,10.000000
247.484422,131.084621,10.000000,10.000000
247.901689,130.911520,10.000000,10.000000
247.706073,130.945625,10.000000,10.000000
247.587129,131.028728,10.000000,10.000000
247.595979,131.183124,10.000000,10.000000
247.628238,131.184333,10.000000,10.000000
247.675174,131.169703,10.000000,10.000000
247.620299,131.121463,10.000000,10.000000
247.233854,131.068479,10.000000,10.000000
247.849870,130.985294,10.000000,10.000000
247.428217,131.055479,10.000000,10.000000
247.697780,130.995605,10.000000,10.000000
247.375118,130.903044,10.000000,10.000000
248.181515,131.041505,10.000000,10.000000
247.705614,130.831399,10.000000,10.000000
247.532008,130.974115,10.000000,10.000000
247.304962,131.166907,10.000000,10.000000
248.217229,131.473274,10.000000,10.000000
248.149335,131.551254,10.000000,10.000000
247.877616,130.593793,10.000000,10.000000
247.824240,130.682610,10.000000,10.000000
247.696800,130.818849,10.000000,10.000000
247.865687,131.233626,10.000000,10.000000
245.712317,127.309078,13.885030,10.462200
248.506238,131.698891,10.000000,10.000000
244.089120,126.063654,17.704384,12.610974
256.196602,121.192141,10.000000,10.000000
253.441620,123.588896,10.000000,10.000000
250.512306,125.679778,10.000000,10.000000
247.080690,126.146947,10.000000,10.000000
246.817002,125.334680,10.000000,10.000000
247.795888,131.498753,10.000000,10.000000
247.332110,131.382521,10.000000,10.000000
246.785794,130.613279,10.000000,10.000000
246.600776,128.157632,10.000000,10.000000
246.836402,123.238327,10.000000,10.000000
248.320695,123.756080,10.000000,10.000000
250.122839,124.141620,10.000000,10.000000
251.173001,125.438028,10.000000,10.000000
252.603615,127.542559,10.000000,10.000000
253.524187,128.247400,10.000000,10.000000
254.581703,131.094077,10.000000,10.000000
256.246758,133.367466,10.000000,10.000000
258.031821,136.436744,10.000000,10.000000
253.972522,135.452049,16.260416,11.558027
247.162976,130.885289,10.000000,10.000000
247.372894,130.350978,10.000000,10.000000
248.049667,131.311782,10.000000,10.000000
248.031354,131.061310,10.000000,10.000000
247.577931,130.778161,10.000000,10.000000
246.946952,130.370764,10.000000,10.000000
247.702365,131.210713,10.000000,10.000000
247.650092,131.107860,10.000000,10.000000
247.122393,130.830342,10.000000,10.000000
247.510215,130.351584,10.000000,10.000000
247.152779,131.123157,10.000000,10.000000
247.888223,130.766799,10.000000,10.000000
247.614597,130.717580,10.000000,10.000000
247.116462,130.487166,10.000000,10.000000
248.080019,131.711518,10.000000,10.000000
247.670894,130.636817,10.000000,10.000000
247.267931,130.551881,10.000000,10.000000
247.385183,130.107407,10.000000,10.000000
247.833778,130.773944,10.000000,10.000000
247.244476,130.638139,10.000000,10.000000
247.240092,130.142065,10.000000,10.000000
247.935470,130.996234,10.000000,10.000000
247.535330,130.799287,10.000000,10.000000
246.857388,130.476411,10.000000,10.000000
247.742822,131.512331,10.000000,10.000000
247.050819,130.237681,10.000000,10.000000
247.752782,131.054057,10.000000,10.000000
247.127633,130.828083,10.000000,10.000000
247.563980,130.404589,10.000000,10.000000
246.700089,130.734879,10.000000,10.000000
246.951132,130.243792,10.000000,10.000000
247.554954,130.937669,10.000000,10.000000
247.219907,130.863004,10.000000,10.000000
247.366821,130.244284,10.000000,10.000000
248.138710,131.251728,10.000000,10.000000
247.631458,130.836926,10.000000,10.000000
246.994151,130.342942,10.000000,10.000000
247.899672,131.492326,10.000000,10.000000
247.614721,131.160352,10.000000,10.000000
247.365877,130.944239,10.000000,10.000000
247.795258,130.605291,10.000000,10.000000
247.146385,130.419878,10.000000,10.000000
247.987411,131.371574,10.000000,10.000000
247.502782,131.026851,10.000000,10.000000
246.936269,130.772445,10.000000,10.000000
247.367366,130.558240,10.000000,10.000000
247.654315,130.202001,10.000000,10.000000
247.268313,130.894690,10.000000,10.000000
247.371773,130.456431,10.000000,10.000000
248.275089,131.510886,10.000000,10.000000
247.799424,130.315728,10.000000,10.000000
247.065619,130.877349,10.000000,10.000000
247.172198,130.220160,10.000000,10.000000
247.529562,130.691589,10.000000,10.000000
247.176771,130.555454,10.000000,10.000000
247.215974,129.900315,10.000000,10.000000
247.474443,130.505539,10.000000,10.000000
247.414804,129.954286,10.000000,10.000000
248.004484,130.773952,10.000000,10.000000
247.759958,130.652529,10.000000,10.000000
257.816288,136.734122,10.000000,10.000000
256.904003,132.899574,10.000000,10.000000
256.167635,129.191776,10.000000,10.000000
255.757836,126.349269,10.000000,10.000000
254.528424,123.455345,10.000000,10.000000
253.368263,120.847924,10.000000,10.000000
253.744139,118.006844,10.000000,10.000000
252.062154,116.226566,10.000000,10.000000
252.193927,115.161968,10.000000,10.000000
251.697377,113.982014,10.000000,10.000000
250.795505,113.187312,10.000000,10.000000
250.309942,112.814564,10.000000,10.000000
250.289162,112.285243,10.000000,10.000000
249.806570,113.241276,10.000000,10.000000
248.773934,113.756494,10.000000,10.000000
248.524452,114.339356,10.000000,10.000000
248.023776,116.536225,10.000000,10.000000
248.015689,117.210341,10.000000,10.000000
247.605915,119.863190,10.000000,10.000000
246.724813,121.994303,10.000000,10.000000
246.690046,124.715705,10.000000,10.000000
246.305541,127.956353,10.000000,10.000000
248.065965,129.581944,10.000000,10.000000
248.727865,129.937980,10.000000,10.000000
251.308487,130.445140,10.000000,10.000000
253.083534,130.885699,10.000000,10.000000
252.570976,130.323385,10.000000,10.000000
250.678538,130.928991,10.000000,10.000000
250.392872,131.173690,10.000000,10.000000
250.243819,131.711971,10.000000,10.000000
249.405604,131.677916,10.000000,10.000000
249.267621,132.498854,10.000000,10.000000
249.004185,137.239696,10.000000,10.000000
247.886917,138.865320,10.000000,10.000000
246.693461,140.947203,10.000000,10.000000
245.366506,143.136737,10.000000,10.000000
245.540244,144.595190,10.000000,10.340228
242.764369,144.081779,14.384793,12.986876
241.539987,142.997097,17.370094,15.060709
241.230488,139.157310,18.148790,17.868376
246.571537,129.265456,10.000000,10.000000
247.566867,131.408368,10.000000,10.000000
247.164667,130.967576,10.000000,10.000000
247.906675,130.665178,10.000000,10.000000
247.923753,130.384444,10.000000,10.000000
247.531296,130.900273,10.000000,10.000000
247.111717,130.841426,10.000000,10.000000
248.040749,131.321836,10.000000,10.000000
247.743614,131.455277,10.000000,10.000000
247.365172,131.547300,10.000000,10.000000
245.758070,129.413646,10.544054,10.000000
244.302603,128.850455,13.819319,10.000000
247.782424,130.337718,10.000000,10.000000
248.103756,131.095684,10.000000,10.000000
248.052734,131.046338,10.000000,10.000000
248.021340,130.903243,10.000000,10.000000
247.266248,130.477717,10.000000,10.000000
247.423683,130.844515,10.000000,10.000000
248.000149,130.804621,10.000000,10.000000
247.181106,130.620473,10.000000,10.000000
247.690818,130.326839,10.000000,10.000000
246.818949,131.058968,10.000000,10.000000
247.059455,130.734741,10.000000,10.000000
247.047287,130.012048,10.000000,10.000000
247.468511,130.462710,10.000000,10.000000
248.315655,131.316460,10.000000,10.000000
248.066097,131.219252,10.000000,10.000000
247.707451,130.884300,10.000000,10.000000
247.355662,130.765573,10.000000,10.000000
247.793401,130.506129,10.000000,10.000000
247.272118,130.315379,10.000000,10.000000
247.998443,131.196816,10.000000,10.000000
247.407101,130.769610,10.000000,10.000000
246.579920,129.904324,10.000000,10.000000
247.143692,130.646805,10.000000,10.000000
247.602339,130.095694,10.000000,10.000000
247.677861,130.978087,10.000000,10.000000
247.296277,130.934678,10.000000,10.000000
247.719225,130.502113,10.000000,10.000000
247.109766,130.028432,10.000000,10.000000
247.974188,131.178451,10.000000,10.000000
247.698155,131.100666,10.000000,10.000000
247.079641,130.910801,10.000000,10.000000
247.452403,130.579277,10.000000,10.000000
247.978031,130.225789,10.000000,10.000000
247.807983,130.969854,10.000000,10.000000
247.494492,130.850011,10.000000,10.000000
247.057875,130.194295,10.000000,10.000000
247.749693,130.816060,10.000000,10.000000
247.429334,130.674148,10.000000,10.000000
247.971354,130.392869,10.000000,10.000000
247.854323,131.318941,10.000000,10.000000
247.299865,131.088367,10.000000,10.000000
247.374003,130.843144,10.000000,10.000000
247.620724,130.286880,10.000000,10.000000
247.193735,130.982413,10.000000,10.000000
247.574177,130.541694,10.000000,10.000000
247.127766,130.366434,10.000000,10.000000
247.689895,131.090525,10.000000,10.000000
247.188349,130.950759,10.000000,10.000000
247.158784,130.289153,10.000000,10.000000
246.956463,130.512581,10.000000,10.000000
247.277168,130.017003,10.000000,10.000000
247.434647,130.617796,10.000000,10.000000
248.003650,130.340899,10.000000,10.000000
247.106207,130.658104,10.000000,10.000000
247.460348,130.271605,10.000000,10.000000
247.870950,130.895217,10.000000,10.000000
247.391369,131.003303,10.000000,10.000000
248.012997,131.105153,10.000000,10.000000
244.823313,126.239149,15.896951,11.925310
250.882568,120.211040,10.000000,10.000000
249.121976,123.300982,10.000000,10.000000
247.015229,127.594670,10.000000,10.000000
247.442227,128.281776,10.000000,10.000000
250.019103,126.789573,10.000000,10.000000
250.802915,124.891108,10.000000,10.000000
251.500325,123.390389,10.000000,10.000000
252.405766,122.994281,10.000000,10.000000
254.135992,122.171983,10.000000,10.000000
254.895925,121.852679,10.000000,10.000000
255.659775,121.757286,10.000000,10.000000
256.338707,121.971271,10.000000,10.000000
258.142184,123.016705,10.000000,10.000000
258.989967,124.150971,10.000000,10.000000
259.919030,126.037337,10.000000,10.000000
260.913836,127.599883,10.000000,10.000000
261.924110,129.589353,10.000000,10.000000
263.195768,131.944339,10.000000,10.000000
264.584488,135.249919,10.000000,10.000000
267.450907,131.837890,10.058945,10.237392
269.143647,131.310268,10.000000,10.065715
268.666156,131.029464,10.000000,10.570034
268.425283,131.226316,10.000000,10.941772
269.701821,130.809054,10.000000,10.153584
268.760694,132.067014,11.591394,11.136615
267.821866,131.471693,15.209507,11.589477
267.635796,132.879226,20.192327,12.693394
260.605930,129.553679,27.946470,16.665007
247.520589,130.704735,10.000000,10.000000
246.941591,130.465264,10.000000,10.000000
247.596997,131.327766,10.000000,10.000000
247.397498,131.245976,10.000000,10.000000
247.591987,130.839562,10.000000,10.000000
247.003568,130.555857,10.000000,10.000000
246.724677,130.024844,10.000000,10.000000
247.325455,130.821734,10.000000,10.000000
245.763481,129.661536,11.567330,10.000000
246.670938,130.668885,10.000000,10.000000
247.673179,130.850150,10.000000,10.000000
247.421875,130.793275,10.000000,10.000000
247.560286,130.711413,10.000000,10.000000
245.078906,129.290416,11.011291,10.000000
247.262168,131.149780,10.000000,10.000000
247.785306,130.896884,10.000000,10.000000
245.605701,129.746856,10.379497,10.000000
248.473469,131.477600,10.000000,10.000000
247.378147,131.034499,10.000000,10.000000
247.580534,130.873817,10.000000,10.000000
247.156370,130.871482,10.000000,10.000000
247.633043,130.965789,10.000000,10.000000
245.711982,130.007699,10.703984,10.000000
248.089326,131.316103,10.000000,10.000000
246.870036,130.965361,10.000000,10.000000
247.307087,130.620825,10.000000,10.000000
247.835375,130.463004,10.000000,10.000000
246.991072,131.156512,10.000000,10.000000
247.603845,130.999510,10.000000,10.000000
247.498127,131.121215,10.000000,10.000000
247.004164,130.387942,10.000000,10.000000
247.021346,130.967364,10.000000,10.000000
247.527733,130.783401,10.000000,10.000000
247.309803,130.646337,10.000000,10.000000
247.836316,130.341917,10.000000,10.000000
247.857755,131.573520,10.000000,10.000000
247.260735,130.367436,10.000000,10.000000
247.672816,131.308397,10.000000,10.000000
247.610113,131.672562,10.000000,10.000000
247.647530,130.946777,10.000000,10.000000
247.563297,131.124037,10.000000,10.000000
247.235449,131.117813,10.000000,10.000000
247.997623,131.539028,10.000000,10.000000
247.593275,130.460553,10.000000,10.000000
247.520388,131.756058,10.000000,10.000000
247.386039,130.931892,10.000000,10.000000
247.995059,130.700746,10.000000,10.000000
247.840706,130.578970,10.000000,10.000000
247.650093,130.468174,10.000000,10.000000
247.156257,131.253931,10.000000,10.000000
247.912683,131.156811,10.000000,10.000000
246.747220,130.594816,10.000000,10.000000
246.714862,129.856466,10.000000,10.000000
247.794161,131.129239,10.000000,10.000000
247.409740,130.858840,10.000000,10.000000
247.931642,130.586815,10.000000,10.000000
247.690126,130.471621,10.000000,10.000000
247.129323,131.214839,10.000000,10.000000
247.481271,130.873122,10.000000,10.000000
247.861446,130.544346,10.000000,10.000000
246.998907,130.161116,10.000000,10.000000
247.502826,131.128240,10.000000,10.000000
246.541993,130.699692,10.000000,10.000000
245.100000,129.746100,10.143221,10.000000
247.173200,130.976666,10.000000,10.000000
247.549096,130.661512,10.000000,10.000000
247.210413,130.558702,10.000000,10.000000
247.423360,130.196808,10.000000,10.000000
247.738977,130.865592,10.000000,10.000000
247.084644,130.676984,10.000000,10.000000
246.455836,129.805014,10.000000,10.000000
248.390519,130.798118,10.000000,10.000000
247.964693,130.674607,10.000000,10.000000
247.101917,130.519645,10.000000,10.000000
246.719250,129.066725,10.436241,10.000000
245.557803,126.332341,15.414523,11.750648
250.487982,120.683226,10.000000,10.000000
249.500166,123.861245,10.000000,10.000000
246.740817,128.243884,10.000000,10.000000
247.049538,131.348566,10.000000,10.000000
247.435329,132.784091,10.000000,10.000000
249.137663,136.044182,10.000000,10.000000
249.558263,138.809065,10.000000,10.000000
249.976696,141.973508,10.000000,10.000000
244.270486,142.347248,13.462749,12.912078
244.031634,145.668950,10.000000,10.000000
245.111523,144.568629,10.000000,10.000000
244.860190,143.955650,10.000000,10.334907
244.789602,142.598833,10.625608,11.608595
244.085171,143.937472,11.001183,11.083069
244.245118,143.528279,11.112479,11.455232
244.336926,144.213901,10.000000,10.737085
244.582530,142.892083,11.666553,11.675355
244.237513,144.518168,11.005310,10.753105
244.334305,143.008325,12.763295,12.407901
243.652762,142.524431,14.449219,12.934351
247.458902,130.875307,10.000000,10.000000
247.934240,130.811352,10.000000,10.000000
247.689045,130.649243,10.000000,10.000000
248.024260,130.719348,10.000000,10.000000
247.992750,130.318164,10.000000,10.000000
248.204942,130.744622,10.000000,10.000000
248.029702,130.322485,10.000000,10.000000
247.792882,130.617985,10.000000,10.000000
247.953623,130.451225,10.000000,10.000000
247.845477,131.055455,10.000000,10.000000
247.196992,130.770903,10.000000,10.000000
247.413839,130.612818,10.000000,10.000000
247.464046,130.597255,10.000000,10.000000
248.197731,130.884566,10.000000,10.000000
247.541736,130.669013,10.000000,10.000000
246.837022,130.449342,10.000000,10.000000
247.326461,131.199798,10.000000,10.000000
247.725954,130.702327,10.000000,10.000000
247.347395,130.307244,10.000000,10.000000
248.068557,130.834490,10.000000,10.000000
247.946382,130.785203,10.000000,10.000000
247.295328,130.332780,10.000000,10.000000
247.822184,131.039933,10.000000,10.000000
247.094377,130.716753,10.000000,10.000000
247.235345,130.249089,10.000000,10.000000
247.490406,130.551467,10.000000,10.000000
247.472162,130.080456,10.000000,10.000000
247.710657,130.566418,10.000000,10.000000
247.207870,130.397588,10.000000,10.000000
247.705936,130.893776,10.000000,10.000000
247.400544,130.787706,10.000000,10.000000
248.030458,130.674451,10.000000,10.000000
247.356845,130.329468,10.000000,10.000000
247.753450,130.765980,10.000000,10.000000
247.142163,130.522283,10.000000,10.000000
247.301331,130.073338,10.000000,10.000000
247.297824,130.295858,10.000000,10.000000
247.534817,130.759515,10.000000,10.000000
247.271414,130.665707,10.000000,10.000000
247.598876,130.061953,10.000000,10.000000
247.167320,130.958229,10.000000,10.000000
247.552726,130.705971,10.000000,10.000000
247.077104,130.413576,10.000000,10.000000
247.127885,130.650393,10.000000,10.000000
246.675636,130.044204,10.000000,10.000000
247.147052,130.667405,10.000000,10.000000
247.450131,130.094271,10.000000,10.000000
247.887489,130.797599,10.000000,10.000000
247.111515,130.437526,10.000000,10.000000
247.632051,131.068266,10.000000,10.000000
247.035540,130.767719,10.000000,10.000000
247.462749,130.377321,10.000000,10.000000
248.066293,131.266203,10.000000,10.000000
247.500081,130.971093,10.000000,10.000000
247.098227,130.689102,10.000000,10.000000
247.607409,130.411671,10.000000,10.000000
247.100461,131.221445,10.000000,10.000000
247.444993,130.842556,10.000000,10.000000
247.751058,130.518164,10.000000,10.000000
247.170356,130.195012,10.000000,10.000000
247.674730,130.766065,10.000000,10.000000
247.108806,130.466723,10.000000,10.000000
247.497910,131.013055,10.000000,10.000000
247.419839,130.546292,10.000000,10.000000
247.653610,130.082077,10.000000,10.000000
247.388169,130.757505,10.000000,10.000000
246.748052,129.953117,10.000000,10.000000
246.883004,130.314110,10.000000,10.000000
247.458390,131.021147,10.000000,10.000000
247.361739,130.556495,10.000000,10.000000
247.552606,130.176836,10.000000,10.000000
247.207862,130.891094,10.000000,10.000000
247.589252,130.413446,10.000000,10.000000
247.201476,131.151661,10.000000,10.000000
247.400732,130.795901,10.000000,10.000000
247.341062,130.219367,10.000000,10.000000
247.774787,130.784553,10.000000,10.000000
247.120415,130.542552,10.000000,10.000000
245.774831,129.680021,10.033739,10.000000
247.058819,130.032239,13.114586,10.000000
257.812376,131.692579,10.000000,10.000000
257.656384,127.862171,10.000000,10.000000
256.699468,125.099824,10.000000,10.000000
256.054219,122.614682,10.000000,10.000000
255.926842,119.619970,10.000000,10.000000
255.222897,117.752572,10.000000,10.000000
254.962999,115.660114,10.000000,10.000000
254.238451,114.050121,10.000000,10.000000
254.281094,113.675323,10.000000,10.000000
253.952492,111.715471,10.000000,10.000000
253.128063,112.054922,10.000000,10.000000
253.135008,112.253386,10.000000,10.000000
252.807479,112.729906,10.000000,10.000000
251.832557,112.810114,10.000000,10.000000
251.774510,113.507186,10.000000,10.000000
251.521432,114.508218,10.000000,10.000000
250.906921,116.125313,10.000000,10.000000
250.574020,118.272697,10.000000,10.000000
250.046284,120.701947,10.000000,10.000000
250.813952,123.402336,10.000000,10.000000
250.000908,126.865365,10.000000,10.000000
247.991932,128.155151,10.000000,10.000000
246.749265,128.137844,10.000000,10.000000
247.294027,130.242769,10.000000,10.000000
247.566830,130.633528,10.000000,10.000000
247.098927,130.314659,10.000000,10.000000
247.649025,131.035945,10.000000,10.000000
247.270288,130.580958,10.000000,10.000000
244.751867,127.642695,12.012573,10.715340
244.933286,125.301018,10.000000,10.000000
246.848146,127.247317,10.000000,10.000000
246.821769,128.337272,10.000000,10.000000
246.983380,129.887190,10.000000,10.000000
247.239261,130.398625,10.000000,10.000000
249.057251,133.215852,10.000000,10.000000
249.984223,136.501188,10.000000,10.000000
250.677694,138.496635,10.000000,10.000000
247.901101,131.450845,10.000000,10.000000
247.566546,131.234128,10.000000,10.000000
247.331654,131.211724,10.000000,10.000000
247.113353,130.591207,10.000000,10.000000
246.797919,129.828437,10.000000,10.000000
247.129051,130.210442,10.000000,10.000000
246.360576,130.057131,10.000000,10.000000
247.527683,130.397928,10.000000,10.000000
247.004991,131.265075,10.000000,10.000000
246.480912,130.413786,10.000000,10.000000
248.302875,131.344483,10.000000,10.000000
247.889187,131.144471,10.000000,10.000000
247.482144,130.892903,10.000000,10.000000
247.282034,130.370941,10.000000,10.000000
247.247873,131.001319,10.168068,10.000000
252.677074,137.868108,10.000000,10.000000
252.445380,137.140601,10.000000,10.000000
253.099409,136.402109,10.000000,10.000000
252.515294,136.177896,10.000000,10.000000
251.800422,135.575413,10.000000,10.000000
251.906404,134.920182,10.000000,10.000000
252.242335,135.850212,10.000000,10.000000
252.384763,136.714142,10.000000,10.000000
252.508536,137.628384,10.000000,10.000000
251.119748,138.280523,10.000000,10.000000
248.355024,131.310685,10.000000,10.000000
247.971038,131.050363,10.000000,10.000000
247.489702,130.847214,10.000000,10.000000
247.047011,130.031799,10.000000,10.000000
247.056161,130.429530,10.000000,10.000000
247.488023,131.110087,10.000000,10.000000
247.793497,130.923913,10.000000,10.000000
247.148312,130.497135,10.000000,10.000000
247.367210,131.005831,10.000000,10.000000
247.577068,130.546255,10.000000,10.000000
247.180346,130.399489,10.000000,10.000000
247.706118,131.096734,10.000000,10.000000
247.343998,131.020223,10.000000,10.000000
247.323846,130.431357,10.000000,10.000000
247.778821,131.079305,10.000000,10.000000
247.406627,130.867240,10.000000,10.000000
247.011044,130.296191,10.000000,10.000000
247.093020,130.628905,10.000000,10.000000
247.309201,130.289991,10.000000,10.000000
247.627165,130.802639,10.000000,10.000000
246.831917,130.548162,10.000000,10.000000
246.617151,130.063212,10.000000,10.000000
247.286859,130.747961,10.000000,10.000000
246.205446,130.018256,10.000000,10.000000
247.997609,131.007595,10.000000,10.000000
247.594010,130.711682,10.000000,10.000000
247.047306,130.496356,10.000000,10.000000
247.345544,131.044807,10.000000,10.000000
247.266626,130.571075,10.000000,10.000000
246.715893,129.846259,10.000000,10.000000
247.190769,130.614970,10.000000,10.000000
247.160877,129.882977,10.000000,10.000000
247.667653,130.566251,10.000000,10.000000
247.294493,130.417949,10.000000,10.000000
247.834256,131.011217,10.000000,10.000000
247.217842,130.791641,10.000000,10.000000
247.401296,130.316487,10.000000,10.000000
247.785829,130.832885,10.000000,10.000000
247.256060,130.561456,10.000000,10.000000
246.727906,129.697114,10.000000,10.000000
247.424239,130.524885,10.000000,10.000000
247.207355,129.806525,10.000000,10.000000
247.481044,130.439185,10.000000,10.000000
247.725163,130.877109,10.000000,10.000000
247.250839,130.571807,10.000000,10.000000
246.605721,129.659565,10.000000,10.000000
246.961044,130.283303,10.000000,10.000000
247.384639,130.742035,10.000000,10.000000
247.585191,130.092035,10.000000,10.000000
246.685547,130.478530,10.000000,10.000000
246.813359,130.942431,10.000000,10.000000
246.680526,130.341430,10.000000,10.000000
247.112615,130.969855,10.000000,10.000000
246.493324,130.157953,10.000000,10.000000
248.084170,130.760973,10.000000,10.000000
247.609416,130.525009,10.000000,10.000000
247.741740,130.510838,10.000000,10.000000
247.405154,130.088133,10.000000,10.000000
244.000688,125.449168,19.388273,13.593768
258.951069,117.581063,10.000000,10.000000
256.669485,119.837415,10.000000,10.000000
253.898451,122.825947,10.000000,10.000000
251.093075,125.655586,10.000000,10.000000
248.607626,128.131573,10.000000,10.000000
249.763701,126.500292,10.000000,10.000000
250.064189,123.794547,10.000000,10.000000
250.226836,122.401155,10.000000,10.000000
250.235011,121.582086,10.000000,10.000000
249.887881,119.786617,10.000000,10.000000
249.765675,119.357225,10.000000,10.000000
249.597698,119.730950,10.000000,10.000000
249.387286,119.044921,10.000000,10.000000
249.963667,119.637644,10.000000,10.000000
249.776319,120.028601,10.000000,10.000000
249.525737,121.181198,10.000000,10.000000
249.377870,123.051189,10.000000,10.000000
250.108324,124.310613,10.000000,10.000000
249.357668,127.296182,10.000000,10.000000
250.395323,127.935867,10.000000,10.000000
252.267004,126.222503,10.000000,10.000000
253.476211,125.671984,10.000000,10.000000
254.911879,124.865042,10.000000,10.000000
255.761711,124.956423,10.000000,10.000000
256.687975,125.260154,10.000000,10.000000
258.092500,126.317896,10.000000,10.000000
260.098949,127.342480,10.000000,10.000000
261.224522,128.461595,10.000000,10.000000
263.053185,130.541071,10.000000,10.000000
263.815409,131.491639,10.000000,10.000000
263.245465,134.171736,10.000000,10.000000
258.839967,138.977827,10.000000,10.000000
250.103610,134.013249,20.979950,14.004005
247.794711,130.187358,10.000000,10.000000
247.665177,130.677271,10.000000,10.000000
247.304745,130.418211,10.000000,10.000000
247.581519,130.943583,10.000000,10.000000
246.825477,130.709400,10.000000,10.000000
246.625303,130.084671,10.000000,10.000000
246.784173,130.376504,10.000000,10.000000
247.083598,130.841531,10.000000,10.000000
246.229486,129.929109,10.000000,10.000000
247.845231,130.775477,10.000000,10.000000
247.616517,130.677045,10.000000,10.000000
247.157021,130.460472,10.000000,10.000000
247.607525,131.059678,10.000000,10.000000
247.235153,130.729823,10.000000,10.000000
247.441566,130.144133,10.000000,10.000000
247.596459,130.425238,10.000000,10.000000
246.922831,131.103387,10.000000,10.000000
246.152186,130.168484,10.000000,10.000000
247.991492,131.104201,10.000000,10.000000
247.126431,130.809335,10.000000,10.000000
246.550478,129.933636,10.000000,10.000000
246.748153,130.277093,10.000000,10.000000
247.349269,130.953927,10.000000,10.000000
247.152621,130.274062,10.000000,10.000000
246.961937,130.576328,10.000000,10.000000
247.145255,130.295840,10.000000,10.000000
247.379858,130.678059,10.000000,10.000000
246.342106,129.851305,10.000000,10.000000
247.980037,130.607702,10.000000,10.000000
247.118176,130.145228,10.000000,10.000000
247.325723,130.592574,10.000000,10.000000
246.865575,129.766857,10.000000,10.000000
247.103595,130.237049,10.000000,10.000000
247.420602,130.802844,10.000000,10.000000
248.188286,130.486500,10.000000,10.000000
247.901988,131.199649,10.000000,10.000000
247.797353,131.014398,10.000000,10.000000
247.341720,130.868885,10.000000,10.000000
247.256015,130.245647,10.000000,10.000000
247.511702,130.820088,10.000000,10.000000
246.913241,130.612455,10.000000,10.000000
247.231066,130.172539,10.000000,10.000000
247.679347,130.803669,10.000000,10.000000
246.968389,130.533630,10.000000,10.000000
246.726988,129.907397,10.000000,10.000000
247.081110,130.456461,10.000000,10.000000
247.072742,130.669627,10.000000,10.000000
246.809409,130.024086,10.000000,10.000000
247.287248,130.736561,10.000000,10.000000
246.927025,129.991699,10.000000,10.000000
247.277738,130.585875,10.000000,10.000000
247.538949,130.189759,10.000000,10.000000
247.040315,131.110610,10.000000,10.000000
247.398700,130.614431,10.000000,10.000000
247.552566,130.169554,10.000000,10.000000
246.987400,130.940034,10.000000,10.000000
247.225784,130.411165,10.000000,10.000000
247.461002,130.896450,10.000000,10.000000
247.847341,130.504675,10.000000,10.000000
247.607506,130.283084,10.000000,10.000000
247.226479,131.077640,10.000000,10.000000
247.686832,130.835376,10.000000,10.000000
247.089382,130.544644,10.000000,10.000000
247.257758,130.041654,10.000000,10.000000
247.689252,130.737686,10.000000,10.000000
247.183181,130.417281,10.000000,10.000000
246.846921,130.427683,10.000000,10.000000
247.549031,131.373932,10.000000,10.000000
246.825150,130.998543,10.000000,10.000000
247.000447,130.437228,10.000000,10.000000
247.651403,131.160431,10.000000,10.000000
247.253515,131.016095,10.000000,10.000000
247.631565,130.571458,10.000000,10.000000
246.782998,130.151340,10.000000,10.000000
247.209966,130.807149,10.000000,10.000000
247.568023,130.471077,10.000000,10.000000
246.946782,130.967456,10.000000,10.000000
247.240321,130.559454,10.000000,10.000000
247.067717,129.855717,10.000000,10.000000
247.515438,130.730756,10.000000,10.000000
246.851828,130.438485,10.000000,10.000000
247.266392,131.243672,10.000000,10.000000
247.831063,131.127306,10.000000,10.000000
247.398292,130.902377,10.000000,10.000000
247.381230,130.332393,10.000000,10.000000
247.703683,130.718336,10.000000,10.000000
247.116246,130.456496,10.000000,10.000000
247.742818,131.314941,10.000000,10.000000
247.064929,131.057589,10.000000,10.000000
247.347197,130.651720,10.000000,10.000000
247.482905,130.208523,10.000000,10.000000
248.086204,131.009207,10.000000,10.000000
247.727564,130.874160,10.000000,10.000000
247.182663,130.702871,10.000000,10.000000
246.858964,130.064548,10.000000,10.000000
247.523183,130.852676,10.000000,10.000000
247.156273,130.706882,10.000000,10.000000
247.679931,130.664290,10.000000,10.000000
247.611613,130.327110,10.000000,10.000000
245.806245,129.385174,10.429879,10.000000
242.855911,125.620001,17.912916,12.749530
252.650605,121.778024,10.000000,10.000000
250.824342,124.112316,10.000000,10.000000
248.479804,127.571235,10.000000,10.000000
247.608340,130.186550,10.000000,10.000000
246.259550,131.512328,10.000000,10.000000
246.843539,131.561596,10.000000,10.000000
246.925531,132.410629,10.000000,10.000000
246.967663,133.511804,10.000000,10.000000
247.381624,134.388190,10.000000,10.000000
247.700860,136.583183,10.000000,10.000000
246.919019,137.658948,10.000000,10.000000
247.320210,139.842578,10.000000,10.000000
247.953977,142.889557,10.000000,10.000000
245.427416,145.091175,10.000000,10.000000
245.149481,144.190596,10.000000,10.455623
246.879462,130.688826,10.000000,10.000000
247.669657,131.006053,10.000000,10.000000
247.233880,131.003403,10.000000,10.000000
248.142640,130.494437,10.000000,10.000000
247.491567,130.587627,10.000000,10.000000
248.201349,130.014119,10.000000,10.000000
247.817228,130.288643,10.000000,10.000000
247.135908,130.581069,10.000000,10.000000
247.682260,130.026744,10.000000,10.000000
246.952771,130.414702,10.000000,10.000000
245.895540,129.454536,12.089685,10.000000
245.430957,129.280980,15.431522,10.000000
246.773981,129.219835,11.761465,10.000000
243.324463,126.034893,18.196150,13.444865
261.101231,123.135622,10.000000,10.000000
260.622706,120.402382,10.000000,10.000000
258.837160,118.197603,10.000000,10.000000
258.570040,116.245504,10.000000,10.000000
257.419842,114.561275,10.000000,10.000000
257.593569,112.721741,10.000000,10.000000
256.038488,111.903427,10.000000,10.000000
255.770694,111.616975,10.000000,10.000000
254.845057,111.113227,10.000000,10.000000
254.047507,111.779577,10.000000,10.000000
253.453904,111.886123,10.000000,10.000000
253.364106,112.676895,10.000000,10.000000
252.455533,113.645089,10.000000,10.000000
252.178266,114.953476,10.000000,10.000000
251.197708,117.272012,10.000000,10.000000
250.397680,119.615991,10.000000,10.000000
250.302210,121.717362,10.000000,10.000000
249.596551,124.803133,10.000000,10.000000
247.355475,127.970398,10.000000,10.000000
247.977241,125.777832,10.000000,10.000000
247.084099,124.028840,10.000000,10.000000
246.893039,122.792989,10.000000,10.000000
247.819227,130.951565,10.000000,10.000000
247.354830,130.759424,10.000000,10.000000
248.110235,130.754681,10.000000,10.000000
247.631371,130.776036,10.000000,10.000000
246.577963,130.312709,10.000000,10.000000
247.340760,131.578304,10.000000,10.000000
247.150515,129.893420,10.000000,10.000000
247.400252,130.345924,10.000000,10.000000
248.110058,131.181790,10.000000,10.000000
247.675773,130.897628,10.000000,10.000000
247.316983,130.547926,10.000000,10.000000
248.197928,131.061103,10.000000,10.000000
243.302364,134.413799,10.000000,10.000000
243.666667,138.180536,10.000000,10.000000
242.683042,140.147793,10.000000,10.000000
247.505950,131.089962,10.000000,10.000000
246.728212,130.915866,10.000000,10.000000
247.118837,130.541189,10.000000,10.000000
247.403712,130.128068,10.000000,10.000000
247.392325,130.467933,10.000000,10.000000
248.231651,131.557731,10.000000,10.000000
247.654730,130.320857,10.000000,10.000000
247.228931,131.107329,10.000000,10.000000
247.621714,130.770604,10.000000,10.000000
247.258373,130.639373,10.000000,10.000000
246.594093,130.008658,10.000000,10.000000
247.420565,131.153244,10.000000,10.000000
245.460707,129.618886,12.125999,10.000000
247.117325,131.048104,10.000000,10.000000
242.111272,139.175052,10.000000,10.000000
241.496641,137.699256,10.000000,10.000000
241.630231,135.938623,10.000000,10.000000
240.456424,135.323228,10.000000,10.000000
241.093397,135.022052,10.000000,10.000000
240.502519,134.872074,10.000000,10.000000
239.583677,134.882612,10.000000,10.000000
239.964236,135.536647,10.000000,10.000000
240.258387,136.078057,10.000000,10.000000
240.210062,137.576721,10.000000,10.000000
240.252158,138.592186,10.000000,10.000000
240.474096,140.807096,10.000000,10.000000
239.980936,142.493295,10.000000,10.000000
240.087329,146.275089,10.000000,10.000000
239.201832,148.099794,10.000000,10.000000
239.985918,152.121244,10.000000,10.000000
238.259841,152.122114,11.952386,10.000000
240.479459,159.492599,10.000000,10.000000
241.109425,164.205529,10.000000,10.000000
240.506781,164.723463,10.000000,10.000000
239.560442,162.787334,10.000000,10.000000
239.196791,159.529672,10.000000,10.000000
238.425937,150.743020,11.950227,10.789161
240.965038,143.142521,10.000000,10.000000
248.207161,131.880408,10.000000,10.000000
247.820128,130.860265,10.000000,10.000000
247.441233,130.920586,10.000000,10.000000
248.113272,130.861647,10.000000,10.000000
247.701776,130.767603,10.000000,10.000000
246.835832,130.583631,10.000000,10.000000
247.398952,130.440100,10.000000,10.000000
247.726845,131.010336,10.000000,10.000000
247.252050,130.720264,10.000000,10.000000
247.818338,130.589030,10.000000,10.000000
247.414951,130.371298,10.000000,10.000000
248.259562,131.411380,10.000000,10.000000
247.974461,131.170019,10.000000,10.000000
247.838771,130.994721,10.000000,10.000000
247.400306,130.674952,10.000000,10.000000
247.786332,130.312491,10.000000,10.000000
247.550159,131.086286,10.000000,10.000000
247.090680,130.933084,10.000000,10.000000
247.134671,130.499820,10.000000,10.000000
247.292353,131.177936,10.000000,10.000000
247.652396,130.771962,10.000000,10.000000
247.563688,130.456497,10.000000,10.000000
247.292124,131.448888,10.000000,10.000000
247.706789,131.153855,10.000000,10.000000
247.570890,130.904174,10.000000,10.000000
247.197774,130.582721,10.000000,10.000000
247.167563,130.073141,10.000000,10.000000
248.251103,131.549403,10.000000,10.000000
247.756700,130.424510,10.000000,10.000000
247.741041,131.497044,10.000000,10.000000
247.475128,131.270396,10.000000,10.000000
247.054415,130.585163,10.000000,10.000000
247.291091,130.405659,10.000000,10.000000
247.549061,130.847970,10.000000,10.000000
247.411714,130.757917,10.000000,10.000000
247.992774,130.703213,10.000000,10.000000
247.664310,130.562617,10.000000,10.000000
247.296488,130.360194,10.000000,10.000000
248.168257,131.240473,10.000000,10.000000
247.680625,130.912006,10.000000,10.000000
247.494560,130.957346,10.000000,10.000000
248.163830,130.762778,10.000000,10.000000
247.686957,130.346788,10.000000,10.000000
247.174323,131.057553,10.000000,10.000000
243.099343,127.823936,16.659306,10.322298
246.840041,130.930603,10.000000,10.000000
243.278387,128.738337,15.061380,10.000000
244.900145,128.755258,11.979112,10.000000
246.259506,129.617397,10.000000,10.000000
248.212282,130.462561,10.000000,10.000000
247.707840,131.204672,10.000000,10.000000
247.196668,130.907437,10.000000,10.000000
247.429351,130.496072,10.000000,10.000000
248.119415,131.275133,10.000000,10.000000
247.345642,130.788744,10.000000,10.000000
247.658051,130.475278,10.000000,10.000000
247.621741,131.447404,10.000000,10.000000
247.025139,131.070721,10.000000,10.000000
241.348305,126.781097,17.646225,11.469979
246.128216,129.834821,10.000000,10.000000
241.302301,126.554535,18.982269,12.511656
246.665546,129.647000,10.000000,10.000000
246.651625,129.906444,10.000000,10.000000
247.071278,130.401142,10.000000,10.000000
247.288655,130.844225,10.000000,10.000000
246.319147,130.150832,10.000000,10.000000
248.494549,131.256720,10.000000,10.000000
248.166941,131.073444,10.000000,10.000000
248.257624,131.099124,10.000000,10.000000
248.191448,131.089581,10.000000,10.000000
247.943104,130.800072,10.000000,10.000000
247.872065,130.597983,10.000000,10.000000
247.513986,130.439268,10.000000,10.000000
247.561058,131.440705,10.000000,10.000000
247.371396,131.374562,10.000000,10.000000
247.791483,130.312415,10.000000,10.000000
247.643121,131.091238,10.000000,10.000000
246.903482,130.378127,10.000000,10.000000
248.641662,132.503654,10.000000,10.000000
250.178622,134.093224,10.000000,10.000000
251.439933,135.608177,10.000000,10.000000
252.557079,137.998357,10.000000,10.000000
253.327018,141.293616,10.000000,10.000000
245.443600,144.602081,10.000000,10.605427
245.216627,146.496550,10.000000,10.000000
244.380280,145.094311,10.024333,10.242261
244.099520,144.113599,10.000000,10.033038
242.057940,143.556798,12.310992,11.256824
241.631031,141.375102,18.758242,15.290821
247.279639,129.984584,10.000000,10.000000
248.329065,131.017788,10.000000,10.000000
248.062694,130.849780,10.000000,10.000000
247.397733,130.773010,10.000000,10.000000
248.060869,130.771941,10.000000,10.000000
247.715849,130.817846,10.000000,10.000000
247.157119,131.064143,10.000000,10.000000
247.932457,131.119042,10.000000,10.000000
247.748851,131.073625,10.000000,10.000000
247.744010,130.955490,10.000000,10.000000
247.583041,130.597154,10.000000,10.000000
247.663748,130.158681,10.000000,10.000000
248.015738,130.829395,10.000000,10.000000
248.002494,130.420896,10.000000,10.000000
248.050334,131.251886,10.000000,10.000000
247.991339,131.142910,10.000000,10.000000
247.924745,131.190201,10.000000,10.000000
247.743795,131.095427,10.000000,10.000000
247.521090,131.260642,10.000000,10.000000
247.531612,131.428978,10.000000,10.000000
247.357328,131.647720,10.000000,10.000000
248.218282,130.576421,10.000000,10.000000
248.338157,130.742549,10.000000,10.000000
248.631407,130.873936,10.000000,10.000000
248.108350,131.034409,10.000000,10.000000
248.374463,131.262044,10.000000,10.000000
248.503639,131.503724,10.000000,10.000000
247.645626,130.557522,10.000000,10.000000
247.638097,130.736633,10.000000,10.000000
247.515123,131.084360,10.000000,10.000000
247.620579,131.346902,10.000000,10.000000
247.535990,131.648277,10.000000,10.000000
246.923778,129.941953,10.000000,10.000000
242.786792,125.508336,21.267914,14.394717
254.743104,119.665837,10.000000,10.000000
252.078484,122.841660,10.000000,10.000000
250.081207,125.988328,10.000000,10.000000
247.476282,129.965023,10.000000,10.000000
246.696442,131.207908,10.000000,10.000000
245.933904,133.041595,10.000000,10.000000
246.442210,133.620139,10.000000,10.000000
247.156815,134.708808,10.000000,10.000000
247.061218,136.800402,10.000000,10.000000
247.144448,138.718442,10.000000,10.000000
247.116735,140.633074,10.000000,10.000000
244.419438,140.593733,13.402666,10.921940
246.790493,129.970111,10.000000,10.000000
247.585561,130.997491,10.000000,10.000000
245.463047,130.028000,10.000000,10.000000
249.195524,131.226587,10.000000,10.000000
248.134892,130.947192,10.000000,10.000000
248.388003,130.566596,10.000000,10.000000
248.933663,130.345051,10.000000,10.000000
248.448371,131.284007,10.000000,10.000000
248.910054,131.394126,10.000000,10.000000
248.129036,131.336240,10.000000,10.000000
247.896430,131.231968,10.000000,10.000000
247.578644,131.139598,10.000000,10.000000
247.234672,130.916455,10.000000,10.000000
248.017229,131.036920,10.000000,10.000000
247.671468,130.850240,10.000000,10.000000
247.728153,130.854179,10.000000,10.000000
247.420500,130.692872,10.000000,10.000000
248.465098,130.570928,10.000000,10.000000
248.556479,130.451144,10.000000,10.000000
247.834617,131.376177,10.000000,10.000000
248.095820,131.527180,10.000000,10.000000
247.205607,130.059721,10.000000,10.000000
248.149625,131.199683,10.000000,10.000000
247.753417,131.124799,10.000000,10.000000
247.412216,131.048846,10.000000,10.000000
248.179974,131.153919,10.000000,10.000000
247.567862,130.914861,10.000000,10.000000
247.415348,130.989643,10.000000,10.000000
248.086937,130.988898,10.000000,10.000000
247.323150,130.671845,10.000000,10.000000
246.991667,129.859086,10.000000,10.000000
247.428804,130.464675,10.000000,10.000000
247.817883,131.001195,10.000000,10.000000
247.535321,130.848501,10.000000,10.000000
247.141396,130.584693,10.000000,10.000000
247.483074,130.067049,10.000000,10.000000
248.425001,131.191990,10.000000,10.000000
247.889030,131.148541,10.000000,10.000000
247.285733,131.022802,10.000000,10.000000
247.697616,130.513596,10.000000,10.000000
247.316554,130.375004,10.000000,10.000000
248.145308,131.393037,10.000000,10.000000
247.945042,131.291966,10.000000,10.000000
247.522530,131.152930,10.000000,10.000000
247.167368,130.941560,10.000000,10.000000
247.585103,130.668381,10.000000,10.000000
246.972729,130.418929,10.000000,10.000000
247.864580,131.531089,10.000000,10.000000
247.034018,130.141731,10.000000,10.000000
247.840521,131.286415,10.000000,10.000000
247.516862,131.137444,10.000000,10.000000
247.094132,131.068743,10.000000,10.000000
247.250059,130.637011,10.000000,10.000000
247.726993,130.405985,10.000000,10.000000
247.409049,131.063973,10.000000,10.000000
248.040919,130.994502,10.000000,10.000000
247.540916,130.800574,10.000000,10.000000
246.986772,130.555685,10.000000,10.000000
247.314360,130.143705,10.000000,10.000000
247.945579,131.114901,10.000000,10.000000
247.315245,130.828850,10.000000,10.000000
247.632709,130.396649,10.000000,10.000000
247.520587,131.360371,10.000000,10.000000
247.183713,131.223067,10.000000,10.000000
247.616281,130.834558,10.000000,10.000000
246.806547,130.643961,10.000000,10.000000
247.238699,130.567291,10.000000,10.000000
247.620094,130.163944,10.000000,10.000000
247.301941,130.835642,10.000000,10.000000
247.755138,130.420175,10.000000,10.000000
247.184577,131.103552,10.000000,10.000000
247.432093,130.733393,10.000000,10.000000
247.885124,130.207905,10.000000,10.000000
247.318730,130.802547,10.000000,10.000000
247.840097,130.434493,10.000000,10.000000
247.566156,131.319226,10.000000,10.000000
247.078209,131.203407,10.000000,10.000000
247.802522,131.196464,10.000000,10.000000
247.583958,131.138734,10.000000,10.000000
247.019512,130.961857,10.000000,10.000000
247.449675,130.581320,10.000000,10.000000
247.851167,130.227731,10.000000,10.000000
247.521175,130.884569,10.000000,10.000000
246.914658,130.523943,10.000000,10.000000
247.345435,129.988507,10.000000,10.000000
248.186918,131.006538,10.000000,10.000000
247.919188,130.679783,10.000000,10.000000
247.348692,130.425440,10.000000,10.000000
248.119092,131.372775,10.000000,10.000000
247.918143,131.402430,10.000000,10.000000
247.528101,131.165819,10.000000,10.000000
246.940920,130.942291,10.000000,10.000000
247.406607,130.574388,10.000000,10.000000
247.868884,130.278123,10.000000,10.000000
247.386419,130.880977,10.000000,10.000000
247.770798,130.495504,10.000000,10.000000
247.458918,131.223759,10.000000,10.000000
248.105254,131.054923,10.000000,10.000000
248.017817,131.078290,10.000000,10.000000
247.560158,130.726630,10.000000,10.000000
247.117399,130.711317,10.000000,10.000000
247.083920,130.151813,10.000000,10.000000
247.907216,131.091830,10.000000,10.000000
247.611988,130.861811,10.000000,10.000000
247.044775,130.658603,10.000000,10.000000
247.404159,130.389362,10.000000,10.000000
248.082344,131.465383,10.000000,10.000000
247.732494,131.391667,10.000000,10.000000
247.320991,131.177697,10.000000,10.000000
247.674297,130.734956,10.000000,10.000000
247.415173,130.591961,10.000000,10.000000
247.913088,130.213486,10.000000,10.000000
247.607668,131.012760,10.000000,10.000000
247.270064,130.855249,10.000000,10.000000
247.649585,130.461113,10.000000,10.000000
247.206493,131.166325,10.000000,10.000000
247.795965,130.851500,10.000000,10.000000
247.548382,130.818779,10.000000,10.000000
247.046012,130.669357,10.000000,10.000000
247.533618,130.318698,10.000000,10.000000
247.031507,130.971432,10.000000,10.000000
247.453570,130.658817,10.000000,10.000000
248.028253,130.350841,10.000000,10.000000
247.557584,131.120287,10.000000,10.000000
242.474843,124.105019,20.278290,14.099907
259.315746,119.262664,10.000000,10.000000
256.834506,122.995917,10.000000,10.000000
252.827148,126.413906,10.000000,10.000000
252.428937,125.839621,10.000000,10.000000
253.352699,122.981967,10.000000,10.000000
253.426141,121.256246,10.000000,10.000000
253.873006,120.047511,10.000000,10.000000
253.618395,118.583383,10.000000,10.000000
253.571736,117.226920,10.000000,10.000000
253.832330,117.352658,10.000000,10.000000
254.288407,117.097830,10.000000,10.000000
254.889905,117.047015,10.000000,10.000000
255.350253,117.828514,10.000000,10.000000
256.065818,118.496753,10.000000,10.000000
256.312420,120.287602,10.000000,10.000000
256.957632,121.583586,10.000000,10.000000
257.604325,122.967104,10.000000,10.000000
257.631650,125.896586,10.000000,10.000000
258.417879,128.208242,10.000000,10.000000
259.672539,131.535028,10.000000,10.000000
259.659881,134.454220,10.000000,10.000000
259.929423,138.066896,10.000000,10.000000
247.830919,130.356560,10.000000,10.000000
247.162766,130.989746,10.000000,10.000000
247.239522,130.468114,10.000000,10.000000
248.114788,131.451462,10.000000,10.000000
247.610152,131.171134,10.000000,10.000000
247.445007,131.007294,10.000000,10.000000
247.982501,130.617877,10.000000,10.000000
247.645812,130.422832,10.000000,10.000000
246.855937,130.950239,10.000000,10.000000
247.328852,130.598379,10.000000,10.000000
247.398609,130.165191,10.000000,10.000000
247.968995,130.916139,10.000000,10.000000
247.611844,130.699303,10.000000,10.000000
246.910560,130.363369,10.000000,10.000000
247.489575,131.216725,10.000000,10.000000
245.773033,130.053435,13.115469,10.000000
247.546871,131.468261,10.000000,10.000000
246.326787,130.029206,11.002945,10.000000
245.058060,130.052785,18.995447,10.000000
246.961851,130.500674,13.600486,10.000000
248.026597,130.781359,10.009130,10.000000
245.869030,130.486276,13.778685,10.000000
247.423209,131.166832,10.000000,10.000000
245.149436,129.903394,16.263601,10.000000
248.474050,131.204060,10.000000,10.000000
247.885231,130.895065,10.000000,10.000000
247.487945,130.645127,10.000000,10.000000
247.714827,130.480480,10.000000,10.000000
247.557338,131.307677,10.000000,10.000000
246.574912,130.869621,10.000000,10.000000
246.733677,130.298571,10.000000,10.000000
247.534682,131.186659,10.000000,10.000000
247.060455,130.945800,10.000000,10.000000
247.204676,130.462061,10.000000,10.000000
247.859472,131.316621,10.000000,10.000000
247.217367,130.900693,10.000000,10.000000
247.487268,130.316755,10.000000,10.000000
248.249220,131.118497,10.000000,10.000000
247.929984,130.941410,10.000000,10.000000
247.045107,130.445083,10.000000,10.000000
247.143034,130.653377,10.000000,10.000000
247.269572,130.208965,10.000000,10.000000
248.121548,131.281576,10.000000,10.000000
247.362266,130.841300,10.000000,10.000000
247.597086,130.381764,10.000000,10.000000
247.049731,131.060819,10.000000,10.000000
247.487590,130.756160,10.000000,10.000000
247.900493,130.261141,10.000000,10.000000
247.226049,130.720207,10.000000,10.000000
247.493954,130.178660,10.000000,10.000000
247.846956,130.740967,10.000000,10.000000
247.140055,130.469249,10.000000,10.000000
247.452239,131.179001,10.000000,10.000000
247.885998,130.891150,10.000000,10.000000
247.408411,130.579109,10.000000,10.000000
247.781496,130.093391,10.000000,10.000000
247.186419,130.733149,10.000000,10.000000
247.068153,130.142833,10.000000,10.000000
247.751077,131.043024,10.000000,10.000000
246.915254,130.670444,10.000000,10.000000
247.186467,130.084726,10.000000,10.000000
247.659256,130.780316,10.000000,10.000000
247.098152,130.561290,10.000000,10.000000
247.379155,130.091191,10.000000,10.000000
248.140377,130.986308,10.000000,10.000000
247.476022,130.841346,10.000000,10.000000
248.057343,130.475478,10.000000,10.000000
247.853222,131.315634,10.000000,10.000000
247.242324,130.923353,10.000000,10.000000
246.654978,130.016840,10.000000,10.000000
247.150084,130.731191,10.000000,10.000000
247.497721,130.357151,10.000000,10.000000
248.034354,131.086804,10.000000,10.000000
247.474371,130.770859,10.000000,10.000000
247.459699,130.227913,10.000000,10.000000
247.882683,130.760138,10.000000,10.000000
247.549606,130.598597,10.000000,10.000000
247.018415,130.356465,10.000000,10.000000
247.231356,130.892892,10.000000,10.000000
247.374582,130.389078,10.000000,10.000000
247.735524,131.061670,10.000000,10.000000
247.012892,130.729711,10.000000,10.000000
247.690351,130.592916,10.000000,10.000000
247.139822,130.304061,10.000000,10.000000
247.751604,130.901396,10.000000,10.000000
247.353647,130.616563,10.000000,10.000000
247.661639,130.035659,10.000000,10.000000
247.216929,130.903144,10.000000,10.000000
247.484421,130.485992,10.000000,10.000000
248.357281,131.513143,10.000000,10.000000
247.379106,130.230125,10.000000,10.000000
247.946129,131.177638,10.000000,10.000000
247.773154,131.057265,10.000000,10.000000
247.222064,130.729629,10.000000,10.000000
247.544992,130.410432,10.000000,10.000000
246.498957,130.767153,10.000000,10.000000
247.936086,130.565466,10.000000,10.000000
247.392426,130.155714,10.000000,10.000000
247.589909,130.529313,10.000000,10.000000
247.257341,130.124169,10.000000,10.000000
247.789726,130.809476,10.000000,10.000000
247.204409,130.481920,10.000000,10.000000
247.231311,130.924207,10.000000,10.000000
247.576833,130.437576,10.000000,10.000000
247.242757,131.242422,10.000000,10.000000
247.506175,130.786133,10.000000,10.000000
246.634699,130.222365,10.000000,10.000000
247.083986,130.987220,10.000000,10.000000
247.347009,130.650685,10.000000,10.000000
247.885202,130.408558,10.000000,10.000000
247.144513,130.890430,10.000000,10.000000
247.447019,130.479378,10.000000,10.000000
248.162698,131.258292,10.000000,10.000000
247.789055,130.949884,10.000000,10.000000
247.290239,130.826809,10.000000,10.000000
247.390998,130.458183,10.000000,10.000000
247.998692,131.398554,10.000000,10.000000
247.505849,131.194761,10.000000,10.000000
247.141004,130.786126,10.000000,10.000000
247.719044,130.285446,10.000000,10.000000
247.414276,131.085105,10.000000,10.000000
247.333994,130.375960,10.000000,10.000000
246.916458,130.324955,10.000000,10.000000
247.437063,131.102180,10.000000,10.000000
247.832971,130.741699,10.000000,10.000000
247.260533,130.550413,10.000000,10.000000
247.516782,130.031365,10.000000,10.000000
246.917082,130.749261,10.000000,10.000000
247.126355,130.149857,10.000000,10.000000
247.433742,130.660660,10.000000,10.000000
247.786024,130.161533,10.000000,10.000000
247.568452,131.068831,10.000000,10.000000
247.230220,130.854295,10.000000,10.000000
247.470068,130.214825,10.000000,10.000000
247.920507,130.763934,10.000000,10.000000
247.132322,130.389596,10.000000,10.000000
247.813869,131.202989,10.000000,10.000000
247.184454,130.883582,10.000000,10.000000
247.327060,130.300166,10.000000,10.000000
247.897222,130.993627,10.000000,10.000000
247.459251,130.827018,10.000000,10.000000
247.894151,130.620534,10.000000,10.000000
247.477466,130.303596,10.000000,10.000000
248.248348,131.269473,10.000000,10.000000
248.095728,131.149327,10.000000,10.000000
247.709418,130.656834,10.000000,10.000000
247.597292,130.545854,10.000000,10.000000
247.523607,130.367060,10.000000,10.000000
247.477985,131.283452,10.000000,10.000000
248.395381,130.927844,10.000000,10.000000
248.248524,130.604076,10.000000,10.000000
247.946014,130.082216,10.000000,10.000000
247.624279,130.862324,10.000000,10.000000
247.593645,130.601607,10.000000,10.000000
247.049619,130.091882,10.000000,10.000000
247.821203,131.029792,10.000000,10.000000
247.491327,130.910495,10.000000,10.000000
248.037098,130.586569,10.000000,10.000000
247.816546,130.241568,10.000000,10.000000
247.699558,131.292153,10.000000,10.000000
247.400127,131.000580,10.000000,10.000000
248.002651,130.558335,10.000000,10.000000
247.768417,130.283816,10.000000,10.000000
247.434018,131.220360,10.000000,10.000000
248.004242,130.909108,10.000000,10.000000
247.716973,130.635461,10.000000,10.000000
247.485228,130.414522,10.000000,10.000000
248.545747,131.715201,10.000000,10.000000
247.421635,130.694833,10.000000,10.000000
248.043382,130.293883,10.000000,10.000000
247.694679,131.129503,10.000000,10.000000
247.266757,130.762589,10.000000,10.000000
247.651516,130.308718,10.000000,10.000000
247.057587,130.997156,10.000000,10.000000
247.465544,130.570240,10.000000,10.000000
248.064957,130.206339,10.000000,10.000000
247.318897,130.911576,10.000000,10.000000
247.980899,130.678411,10.000000,10.000000
247.770184,130.485613,10.000000,10.000000
246.888049,130.842009,10.000000,10.000000
247.147566,130.355343,10.000000,10.000000
247.948153,131.487819,10.000000,10.000000
247.181021,131.104183,10.000000,10.000000
247.758259,130.779496,10.000000,10.000000
247.106864,130.638257,10.000000,10.000000
247.771883,130.374572,10.000000,10.000000
247.167616,130.870238,10.000000,10.000000
247.765800,130.644193,10.000000,10.000000
247.530539,130.348176,10.000000,10.000000
247.227677,131.210934,10.000000,10.000000
247.905230,131.028196,10.000000,10.000000
242.143819,124.640732,20.728394,13.659651
253.324702,121.041358,10.000000,10.000000
251.446478,125.113829,10.000000,10.000000
247.745184,129.885016,10.000000,10.000000
245.711230,132.362711,10.000000,10.000000
244.639211,135.291491,10.000000,10.000000
243.209866,137.489900,10.000000,10.000000
242.182051,140.280146,10.000000,10.000000
240.982131,142.760238,10.000000,10.000000
239.719078,144.814606,10.000000,10.000000
238.293942,144.724855,14.046881,10.244660
242.013393,143.155455,15.049706,12.793629
244.535769,144.257555,10.101642,10.855198
239.764293,142.529163,17.830935,12.850922
246.516052,131.007865,10.000000,10.000000
246.979896,131.323816,10.000000,10.000000
247.929841,131.621671,10.000000,10.000000
248.309652,130.614044,10.000000,10.000000
248.801416,130.397332,10.000000,10.000000
248.846352,131.285478,10.000000,10.000000
249.146355,131.193668,10.000000,10.000000
249.369122,131.052303,10.000000,10.000000
249.130443,131.114468,10.000000,10.000000
248.463466,130.976968,10.000000,10.000000
247.734321,130.717308,10.000000,10.000000
246.306552,130.467019,10.000000,10.000000
243.951522,129.759218,12.442669,10.000000
247.198451,131.556611,10.000000,10.000000
243.261819,128.401733,13.626659,10.000000
239.117226,125.406441,20.505001,13.406116
243.429389,127.561671,13.792632,11.180684
246.279596,129.895116,10.299849,10.000000
244.728544,129.651179,12.687188,10.000000
246.838890,129.566064,10.359811,10.000000
248.028034,131.025150,10.000000,10.000000
248.198770,131.006726,10.000000,10.000000
248.333383,130.964132,10.000000,10.000000
248.099812,130.749393,10.000000,10.000000
247.735109,130.817087,10.000000,10.000000
246.999910,130.742109,10.000000,10.000000
247.975514,131.427200,10.000000,10.000000
247.667091,131.612362,10.000000,10.000000
247.245427,130.254146,10.000000,10.000000
248.138598,131.369251,10.000000,10.000000
248.021120,131.027784,10.000000,10.000000
248.159406,131.061812,10.000000,10.000000
248.417422,131.151171,10.000000,10.000000
248.170345,130.839035,10.000000,10.000000
247.849201,130.604987,10.000000,10.000000
247.550806,130.518838,10.000000,10.000000
246.892314,130.421826,10.000000,10.000000
247.432537,131.025138,10.000000,10.000000
248.326524,131.029986,10.000000,10.000000
248.034519,131.054542,10.000000,10.000000
247.719267,131.188237,10.000000,10.000000
247.552794,131.069521,10.000000,10.000000
247.473855,130.930981,10.000000,10.000000
248.304516,131.252904,10.000000,10.000000
247.763365,131.116836,10.000000,10.000000
247.568140,131.414277,10.000000,10.000000
246.923247,131.232804,10.000000,10.000000
247.805223,131.430412,10.000000,10.000000
246.217312,128.532117,11.915363,10.000000
244.546822,124.425361,18.647009,13.755088
260.329196,117.500974,10.000000,10.000000
257.444695,119.185294,10.000000,10.000000
254.574291,122.092946,10.000000,10.000000
250.887220,124.410136,10.000000,10.000000
247.600811,127.640222,10.000000,10.000000
246.960257,128.986882,10.000000,10.000000
249.808085,130.475586,10.000000,10.000000
251.117365,131.035013,10.000000,10.000000
252.411201,130.875443,10.000000,10.000000
252.895078,130.880667,10.000000,10.000000
252.178390,131.515049,10.000000,10.000000
252.401165,132.177930,10.000000,10.000000
252.582156,134.159461,10.000000,10.000000
248.673911,131.083919,10.000000,10.000000
248.805802,131.908571,10.000000,10.000000
247.804096,131.673157,10.000000,10.000000
247.446965,131.250212,10.000000,10.000000
245.726391,130.507532,10.000000,10.000000
245.077759,129.945396,10.000000,10.000000
246.600130,130.701008,10.000000,10.000000
245.292602,130.183043,10.000000,10.000000
247.594688,131.183292,10.000000,10.000000
246.600702,130.875512,10.000000,10.000000
246.380794,130.522539,10.000000,10.000000
248.937070,130.687055,10.000000,10.000000
248.179454,130.825113,10.000000,10.000000
248.477830,130.767631,10.000000,10.000000
248.979239,130.656971,10.000000,10.000000
248.852997,130.672928,10.000000,10.000000
248.569972,130.977392,10.000000,10.000000
246.685219,130.478143,10.000000,10.000000
246.152423,130.591250,10.000000,10.000000
246.217096,130.019080,10.000000,10.000000
247.715104,131.054260,10.000000,10.000000
247.939666,131.446241,10.000000,10.000000
247.749443,131.687168,10.000000,10.000000
246.885981,130.494092,10.000000,10.000000
246.546790,131.018449,10.000000,10.000000
245.960055,130.411460,10.000000,10.000000
247.606388,131.230838,10.000000,10.000000
247.938375,132.026097,10.000000,10.000000
247.009755,130.765695,10.000000,10.000000
247.587827,130.650665,10.000000,10.000000
246.286941,130.145374,10.000000,10.000000
248.171679,131.467345,10.000000,10.000000
248.096370,131.526121,10.000000,10.000000
247.779808,130.607002,10.000000,10.000000
247.623850,130.692548,10.000000,10.000000
247.749214,131.044623,10.000000,10.000000
248.169514,131.794303,10.000000,10.000000
248.325171,131.013670,10.000000,10.000000
248.379595,131.152375,10.000000,10.000000
248.576936,131.491011,10.000000,10.000000
247.550201,131.897330,10.000000,10.000000
247.314329,131.115971,10.000000,10.000000
248.204159,131.309667,10.000000,10.000000
248.322657,131.586632,10.000000,10.000000
248.365940,131.023210,10.000000,10.000000
248.523126,131.353048,10.000000,10.000000
247.769145,132.203930,10.000000,10.000000
248.071919,131.814571,10.000000,10.000000
247.997124,131.094366,10.000000,10.000000
247.952049,131.722293,10.000000,10.000000
247.972760,131.127601,10.000000,10.000000
248.143781,131.645527,10.000000,10.000000
248.268797,131.054645,10.000000,10.000000
248.626525,131.648978,10.000000,10.000000
247.665963,131.104569,10.000000,10.000000
247.798778,131.390931,10.000000,10.000000
247.918812,131.603479,10.000000,10.000000
248.080574,131.128649,10.000000,10.000000
247.854371,131.239977,10.000000,10.000000
247.968482,131.643419,10.000000,10.000000
247.878443,130.903152,10.000000,10.000000
248.068067,131.108142,10.000000,10.000000
248.244963,131.314396,10.000000,10.000000
248.427031,131.690377,10.000000,10.000000
248.525658,131.198025,10.000000,10.000000
247.755452,131.925909,10.000000,10.000000
247.697199,131.153248,10.000000,10.000000
248.011880,131.850265,10.000000,10.000000
247.995692,131.145522,10.000000,10.000000
248.379690,131.844922,10.000000,10.000000
248.695988,131.308883,10.000000,10.000000
247.800344,131.472193,10.000000,10.000000
248.148019,132.296590,10.000000,10.000000
248.119146,131.580690,10.000000,10.000000
248.181231,130.916886,10.000000,10.000000
248.543580,131.580098,10.000000,10.000000
247.849853,131.220624,10.000000,10.000000
247.949572,131.447471,10.000000,10.000000
248.111159,131.728283,10.000000,10.000000
248.323421,131.140093,10.000000,10.000000
248.723234,131.851823,10.000000,10.000000
247.606821,131.073170,10.000000,10.000000
247.968175,131.736581,10.000000,10.000000
248.047410,130.850059,10.000000,10.000000
248.421146,131.144399,10.000000,10.000000
248.886808,131.804019,10.000000,10.000000
248.240809,131.103551,10.000000,10.000000
248.572102,131.773843,10.000000,10.000000
247.659156,131.351010,10.000000,10.000000
247.829708,131.398363,10.000000,10.000000
248.142349,131.735694,10.000000,10.000000
248.394676,131.234508,10.000000,10.000000
248.650193,131.570688,10.000000,10.000000
247.628250,130.808776,10.000000,10.000000
247.596627,130.881370,10.000000,10.000000
247.955617,131.193692,10.000000,10.000000
248.380014,131.824975,10.000000,10.000000
248.197983,130.922202,10.000000,10.000000
247.861805,130.799957,10.000000,10.000000
248.239752,131.083858,10.000000,10.000000
248.321483,131.189528,10.000000,10.000000
248.127370,131.172279,10.000000,10.000000
248.310558,131.275989,10.000000,10.000000
248.163377,131.181589,10.000000,10.000000
246.553040,130.774923,10.000000,10.000000
247.339556,131.007986,10.000000,10.000000
247.630351,130.475650,10.000000,10.000000
246.068176,131.144866,10.000000,10.000000
248.193359,131.566922,10.000000,10.000000
248.142898,130.792479,10.000000,10.000000
248.070913,130.828215,10.000000,10.000000
248.436007,131.505071,10.000000,10.000000
248.433990,130.663174,10.000000,10.000000
248.831781,131.419170,10.000000,10.000000
247.930298,131.784361,10.000000,10.000000
247.911966,130.916618,10.000000,10.000000
248.027950,131.146243,10.000000,10.000000
248.213794,131.748642,10.000000,10.000000
248.285402,131.231845,10.000000,10.000000
248.650520,131.990426,10.000000,10.000000
247.978226,131.455705,10.000000,10.000000
248.332632,132.171056,10.000000,10.000000
248.318066,131.399960,10.000000,10.000000
248.421461,131.639130,10.000000,10.000000
248.560434,131.105068,10.000000,10.000000
247.415054,131.262623,10.000000,10.000000
248.416467,131.701161,10.000000,10.000000
248.196290,130.717507,10.000000,10.000000
248.318340,130.834894,10.000000,10.000000
248.545953,131.158939,10.000000,10.000000
247.519592,131.378832,10.000000,10.000000
247.734290,131.611805,10.000000,10.000000
247.741848,130.798675,10.000000,10.000000
247.769543,130.950349,10.000000,10.000000
247.813517,131.103678,10.000000,10.000000
247.968902,131.399573,10.000000,10.000000
248.085058,131.512774,10.000000,10.000000
248.168791,130.757738,10.000000,10.000000
248.277450,130.891160,10.000000,10.000000
248.195218,130.923904,10.000000,10.000000
247.850250,130.826001,10.000000,10.000000
247.971180,131.000507,10.000000,10.000000
247.928974,131.096192,10.000000,10.000000
247.868569,131.121376,10.000000,10.000000
248.216171,131.414200,10.000000,10.000000
248.395469,131.679619,10.000000,10.000000
248.413355,130.919337,10.000000,10.000000
248.570106,131.328393,10.000000,10.000000
247.553804,131.607948,10.000000,10.000000
247.549247,130.744085,10.000000,10.000000
247.722434,130.982677,10.000000,10.000000
247.951254,131.530595,10.000000,10.000000
247.870053,130.717782,10.000000,10.000000
247.859439,130.832981,10.000000,10.000000
247.644814,130.668816,10.000000,10.000000
247.695989,130.898480,10.000000,10.000000
247.786308,131.041573,10.000000,10.000000
247.783276,131.360131,10.000000,10.000000
247.616355,131.345689,10.000000,10.000000
247.373340,131.704161,10.000000,10.000000
247.446527,130.388119,10.000000,10.000000
247.068140,130.917228,10.000000,10.000000
246.426188,130.068985,10.000000,10.000000
248.502806,131.017163,10.000000,10.000000
247.066082,131.044105,10.000000,10.000000
247.666708,131.121921,10.000000,10.000000
247.375197,130.804194,10.000000,10.000000
247.829757,130.292702,10.000000,10.000000
247.205444,130.946192,10.000000,10.000000
247.612407,130.753602,10.000000,10.000000
247.262200,130.494923,10.000000,10.000000
248.036252,131.447042,10.000000,10.000000
246.589027,130.869543,10.000000,10.000000
247.196723,131.242207,10.000000,10.000000
247.672187,131.071065,10.000000,10.000000
247.727621,131.106822,10.000000,10.000000
247.871378,131.259755,10.000000,10.000000
247.896523,131.286477,10.000000,10.000000
247.895385,131.472360,10.000000,10.000000
248.158989,132.106085,10.000000,10.000000
247.946307,131.316594,10.000000,10.000000
248.282571,132.119134,10.000000,10.000000
247.741481,131.032770,10.000000,10.000000
247.153585,130.710221,10.000000,10.000000
247.892564,130.594622,10.000000,10.000000
248.001094,130.765063,10.000000,10.000000
248.216735,131.073415,10.000000,10.000000
247.481021,130.229100,10.000000,10.000000
247.353827,129.902386,10.000000,10.000000
249.417621,123.951059,10.000000,10.000000
249.019697,128.390642,10.000000,10.000000
247.417253,131.330263,10.000000,10.000000
247.186285,133.870999,10.000000,10.000000
245.649879,136.242587,10.000000,10.000000
243.866621,139.592603,10.000000,10.000000
243.198170,140.621745,10.000000,10.000000
243.079758,140.250257,11.173011,10.805387
245.119420,145.084839,10.000000,10.000000
244.867550,141.463057,10.000000,10.000000
243.875012,141.217470,10.000000,10.000000
241.750219,137.519522,16.758490,13.797611
245.637489,129.310224,10.000000,10.000000
245.857136,130.757020,10.000000,10.000000
245.004881,129.991267,10.000000,10.000000
247.618566,131.494088,10.000000,10.000000
247.999849,131.559750,10.000000,10.000000
247.929184,130.457103,10.000000,10.000000
248.185271,131.192987,10.000000,10.000000
248.634435,130.522660,10.000000,10.000000
248.940921,130.249990,10.000000,10.000000
248.931773,131.494950,10.000000,10.000000
249.042749,131.798720,10.000000,10.000000
248.341791,131.159063,10.000000,10.000000
247.620228,131.107293,10.000000,10.000000
247.148179,131.362607,10.000000,10.000000
247.290764,131.392377,10.000000,10.000000
247.956868,131.535923,10.000000,10.000000
247.703243,130.887138,10.000000,10.000000
247.828303,131.202433,10.000000,10.000000
247.759461,131.242776,10.000000,10.000000
247.827426,131.038632,10.000000,10.000000
248.082309,130.976222,10.000000,10.000000
248.133361,130.730476,10.000000,10.000000
248.115506,130.361924,10.000000,10.000000
248.516971,131.198062,10.000000,10.000000
247.556073,130.978452,10.000000,10.000000
247.058387,130.619646,10.000000,10.000000
247.795126,130.644262,10.000000,10.000000
247.215644,130.513914,10.000000,10.000000
247.994916,130.853582,10.000000,10.000000
247.428259,130.862668,10.000000,10.000000
248.134805,130.573152,10.000000,10.000000
247.769431,130.207766,10.000000,10.000000
247.457101,130.838000,10.000000,10.000000
248.113192,130.581708,10.000000,10.000000
248.122376,130.695352,10.000000,10.000000
247.794998,130.478488,10.000000,10.000000
247.477643,131.325538,10.000000,10.000000
248.072664,131.025523,10.000000,10.000000
247.167772,130.634608,10.000000,10.000000
247.680379,130.214257,10.000000,10.000000
247.207672,131.146592,10.000000,10.000000
247.716696,130.848320,10.000000,10.000000
247.242647,130.697727,10.000000,10.000000
247.723741,130.290730,10.000000,10.000000
247.318990,130.956800,10.000000,10.000000
247.881462,130.496148,10.000000,10.000000
247.424206,131.135557,10.000000,10.000000
247.806003,130.658204,10.000000,10.000000
247.371380,130.542471,10.000000,10.000000
248.035586,130.272434,10.000000,10.000000
247.340038,130.887415,10.000000,10.000000
247.792317,130.599630,10.000000,10.000000
247.197293,130.484616,10.000000,10.000000
247.693313,131.183336,10.000000,10.000000
247.370572,130.969004,10.000000,10.000000
248.169579,130.720504,10.000000,10.000000
247.759859,130.506250,10.000000,10.000000
247.313129,130.316146,10.000000,10.000000
247.664868,130.902869,10.000000,10.000000
246.891124,130.457059,10.000000,10.000000
247.592495,131.460474,10.000000,10.000000
247.107888,131.082526,10.000000,10.000000
247.691898,130.577682,10.000000,10.000000
247.408135,130.298950,10.000000,10.000000
248.060202,131.158154,10.000000,10.000000
247.512982,130.943497,10.000000,10.000000
246.991074,130.627353,10.000000,10.000000
247.576690,130.332993,10.000000,10.000000
246.858133,130.988328,10.000000,10.000000
247.386532,130.543071,10.000000,10.000000
248.067867,130.180904,10.000000,10.000000
247.622849,131.017138,10.000000,10.000000
247.166854,130.732640,10.000000,10.000000
247.748541,130.460223,10.000000,10.000000
247.586577,131.463040,10.000000,10.000000
243.077203,125.590023,19.884890,13.860440
263.827466,120.898339,10.000000,10.000000
262.214562,119.839738,10.000000,10.000000
260.447674,118.697123,10.000000,10.000000
258.692664,117.939843,10.000000,10.000000
255.680186,118.085199,10.000000,10.000000
253.602394,118.215643,10.000000,10.000000
251.655973,118.741390,10.000000,10.000000
249.812372,119.079864,10.000000,10.000000
248.197841,120.495763,10.000000,10.000000
248.500292,121.902208,10.000000,10.000000
249.439728,122.444873,10.000000,10.000000
252.753353,124.560353,10.000000,10.000000
253.896924,125.289310,10.000000,10.000000
256.238193,128.256038,10.000000,10.000000
258.400244,130.482724,10.000000,10.000000
260.537831,133.401376,10.000000,10.000000
256.851208,132.872436,18.495369,11.329617
247.923255,130.118554,10.000000,10.000000
247.775028,131.208020,10.000000,10.000000
247.121163,130.918573,10.000000,10.000000
247.771613,130.592641,10.000000,10.000000
247.324038,130.384853,10.000000,10.000000
248.055696,131.266831,10.000000,10.000000
247.754534,131.138693,10.000000,10.000000
247.609378,131.082528,10.000000,10.000000
247.323350,131.068021,10.000000,10.000000
247.924155,130.733272,10.000000,10.000000
247.224810,130.460572,10.000000,10.000000
247.938422,131.323258,10.000000,10.000000
247.494594,131.142640,10.000000,10.000000
247.810961,130.713382,10.000000,10.000000
247.541437,130.666750,10.000000,10.000000
247.100666,130.252429,10.000000,10.000000
247.064830,130.371921,10.000000,10.000000
247.706616,131.096644,10.000000,10.000000
247.143939,130.854796,10.000000,10.000000
247.771349,130.432074,10.000000,10.000000
247.495878,131.184749,10.000000,10.000000
247.868479,130.808382,10.000000,10.000000
247.473057,130.712575,10.000000,10.000000
247.670779,130.039864,10.000000,10.000000
247.277804,130.829971,10.000000,10.000000
247.613365,130.672669,10.000000,10.000000
247.368377,130.600234,10.000000,10.000000
247.930981,130.280530,10.000000,10.000000
247.529171,131.274310,10.000000,10.000000
247.327302,131.187973,10.000000,10.000000
247.906445,130.886849,10.000000,10.000000
247.472657,130.626062,10.000000,10.000000
247.768234,130.256163,10.000000,10.000000
247.261252,131.032808,10.000000,10.000000
247.777228,130.664908,10.000000,10.000000
247.241228,130.407303,10.000000,10.000000
247.778009,131.153171,10.000000,10.000000
247.167593,130.849477,10.000000,10.000000
247.663696,130.688247,10.000000,10.000000
246.971980,130.418245,10.000000,10.000000
247.602698,131.225697,10.000000,10.000000
247.342256,131.111647,10.000000,10.000000
247.794029,130.857536,10.000000,10.000000
247.480199,130.590818,10.000000,10.000000
247.504478,130.066659,10.000000,10.000000
247.282598,130.885320,10.000000,10.000000
247.918185,130.524102,10.000000,10.000000
247.538094,130.273410,10.000000,10.000000
246.954142,131.142769,10.000000,10.000000
247.356920,130.760690,10.000000,10.000000
247.825292,130.358633,10.000000,10.000000
247.219058,131.056851,10.000000,10.000000
247.455461,130.560844,10.000000,10.000000
247.530055,129.917661,10.000000,10.000000
247.225813,130.746849,10.000000,10.000000
246.970863,130.177938,10.000000,10.000000
247.341421,130.708417,10.000000,10.000000
247.286218,129.999598,10.000000,10.000000
247.761893,130.683403,10.000000,10.000000
247.507365,130.557520,10.000000,10.000000
247.017719,130.436167,10.000000,10.000000
247.714587,131.345100,10.000000,10.000000
247.479508,131.340178,10.000000,10.000000
247.840884,130.937638,10.000000,10.000000
247.425225,130.915274,10.000000,10.000000
247.403557,130.658471,10.000000,10.000000
247.329549,130.087391,10.000000,10.000000
247.876362,130.829752,10.000000,10.000000
247.142681,130.529991,10.000000,10.000000
247.572271,130.121896,10.000000,10.000000
247.144433,131.007223,10.000000,10.000000
247.004061,130.361245,10.000000,10.000000
247.305116,130.982096,10.000000,10.000000
247.645536,130.480860,10.000000,10.000000
247.260183,131.286360,10.000000,10.000000
247.691123,130.991340,10.000000,10.000000
247.411545,131.008113,10.000000,10.000000
247.571708,130.660677,10.000000,10.000000
247.136537,130.351920,10.000000,10.000000
247.381780,130.788619,10.000000,10.000000
247.314363,130.369038,10.000000,10.000000
247.056554,130.312432,10.000000,10.000000
247.707914,131.173180,10.000000,10.000000
247.411215,130.950693,10.000000,10.000000
247.146723,130.480301,10.000000,10.000000
247.839243,131.360934,10.000000,10.000000
247.470389,131.174979,10.000000,10.000000
247.570210,130.891366,10.000000,10.000000
247.090230,130.706518,10.000000,10.000000
247.500813,130.266777,10.000000,10.000000
247.021782,131.008490,10.000000,10.000000
245.360069,130.015501,10.393717,10.000000
248.114221,130.802141,10.000000,10.000000
247.927456,130.759775,10.000000,10.000000
247.593615,130.560184,10.000000,10.000000
247.415781,130.456314,10.000000,10.000000
248.134670,131.465283,10.000000,10.000000
247.908490,131.339602,10.000000,10.000000
247.702814,131.250548,10.000000,10.000000
247.463074,131.082972,10.000000,10.000000
247.712708,130.744595,10.000000,10.000000
247.335551,130.654805,10.000000,10.000000
247.861202,130.366630,10.000000,10.000000
247.743464,131.377114,10.000000,10.000000
247.454230,131.058172,10.000000,10.000000
241.981472,126.883881,16.751400,11.340957
247.807746,130.170960,10.000000,10.000000
245.736404,129.624823,10.000000,10.000000
247.346451,130.491691,10.000000,10.000000
247.341398,130.755131,10.000000,10.000000
246.580716,129.928930,10.000000,10.000000
246.756250,130.383509,10.000000,10.000000
246.885101,130.777076,10.000000,10.000000
247.357460,130.703418,10.000000,10.000000
247.600584,130.463218,10.000000,10.000000
247.429859,131.650255,10.000000,10.000000
247.613756,130.037429,10.000000,10.000000
247.246610,130.785624,10.000000,10.000000
248.003258,130.871185,10.000000,10.000000
247.848744,130.907258,10.000000,10.000000
247.636939,131.158616,10.000000,10.000000
247.456592,131.356719,10.000000,10.000000
248.086613,131.161044,10.000000,10.000000
248.047167,131.361288,10.000000,10.000000
247.804261,131.266693,10.000000,10.000000
246.678818,129.869527,10.000000,10.000000
248.657464,120.946449,10.000000,10.000000
249.530326,124.388407,10.000000,10.000000
249.942050,127.796627,10.000000,10.000000
248.446649,127.650908,10.000000,10.000000
247.756510,127.207051,10.000000,10.000000
247.198881,129.844196,10.000000,10.000000
247.844972,130.388221,10.000000,10.000000
247.293992,126.377999,10.000000,10.000000
249.020460,126.734125,10.000000,10.000000
250.600607,126.382405,10.000000,10.000000
250.460274,127.214562,10.000000,10.000000
254.234456,128.404111,10.000000,10.000000
255.866139,130.288757,10.000000,10.000000
256.573107,131.522154,10.000000,10.000000
257.949943,133.071077,10.000000,10.000000
258.738649,135.203876,10.000000,10.000000
259.809662,136.293782,10.000000,10.000000
264.591080,131.522088,12.343965,10.492714
267.505851,130.940844,11.117487,10.920377
268.367662,130.522134,10.000000,10.412148
268.554670,131.540084,10.000000,10.288700
268.896993,130.743357,10.000000,10.431566
269.355285,131.557549,10.000000,10.252638
269.172783,130.691654,10.000000,10.222919
268.071061,132.236064,12.280452,11.173401
268.767491,131.118961,10.000000,10.000000
268.020741,132.333755,11.184826,11.460548
268.386501,131.168021,10.000000,10.144362
268.734762,130.453911,10.000000,10.333022
268.902192,131.299456,10.000000,10.565043
268.569951,130.435382,10.244851,11.141919
269.117424,130.606397,10.000000,10.493242
268.338151,131.718593,10.236407,10.586855
269.609016,131.442354,10.000000,10.772785
268.150679,131.426959,11.770316,11.564779
268.271936,130.743845,10.000000,10.000000
269.115139,130.951737,10.000000,10.356063
269.018801,131.220120,10.000000,10.000000
268.898786,131.537546,10.342997,10.952138
268.674308,130.555037,10.000000,10.000000
268.177505,130.724556,10.635489,10.971383
269.323024,131.659771,10.769862,10.222840
267.999674,130.787246,10.444085,10.617366
268.688643,130.145955,10.000000,10.180908
268.281040,130.862560,10.297319,10.603071
269.088881,131.708779,10.000000,10.102039
268.967251,132.002690,10.000000,10.473770
269.503973,130.599606,10.000000,10.000000
268.576510,130.606949,10.000000,10.063784
268.565399,131.314093,10.000000,10.373064
268.907614,130.547354,10.000000,10.337770
269.553587,131.345699,10.000000,10.054500
269.125859,130.883180,10.000000,10.801177
268.603240,131.372377,10.507755,10.948775
269.598715,131.389805,10.000000,10.000000
268.555739,131.244893,10.000000,10.417864
269.009916,130.719083,10.000000,10.574438
269.242449,130.972871,10.000000,10.254576
269.173908,131.463866,10.000000,10.188014
269.061056,130.781936,10.000000,10.215357
267.941767,132.004670,11.209922,11.421900
268.016448,130.870763,10.000000,10.022199
267.981623,131.777405,10.000000,10.384254
269.532557,131.550596,10.000000,11.047646
269.228125,130.616083,10.000000,10.000000
268.856133,131.091236,10.532130,11.011678
269.047027,130.258952,10.000000,10.775947
268.571702,131.020922,10.195614,10.830452
269.179120,130.700557,10.000000,10.457765
268.035483,132.018730,11.323560,11.032700
269.350598,131.390692,10.000000,10.900222
269.240706,130.603606,10.000000,10.565402
269.183516,131.128104,10.000000,10.000000
269.011962,131.649029,10.037093,10.996883
268.661936,130.998784,10.000000,10.616192
268.638764,131.200638,10.000000,10.466061
268.962250,130.683737,10.000000,10.377625
268.964535,131.639803,10.000000,10.287979
268.609549,131.488027,11.201188,11.368940
268.462112,131.438477,11.546147,11.219826
268.454512,131.594824,11.244599,12.091016
268.194557,131.313249,11.362931,11.612719
268.371605,132.091596,13.509617,11.721210
269.098783,131.519376,10.000000,10.460302
268.732856,131.177447,10.000000,10.504901
269.285622,130.922609,10.000000,11.052950
268.573402,130.959852,10.165025,10.839258
268.702733,131.428669,10.000000,10.536434
268.617998,130.659801,10.000000,10.087274
268.856454,131.625075,10.000000,10.469296
268.954122,131.531664,10.324009,10.763969
268.338709,132.130159,11.191405,11.287119
269.167113,131.433474,10.000000,10.116158
269.016625,131.110302,10.000000,10.000000
268.657716,131.517483,10.549101,10.600380
269.733176,132.394415,10.000000,10.000000
268.300253,131.287881,10.000000,10.275680
268.880186,130.869065,10.000000,10.281753
269.340506,130.889577,10.000000,10.333491
269.089144,130.296927,10.000000,10.111236
268.337286,131.332284,10.421700,10.741850
268.907191,131.743220,10.000000,10.027537
268.886382,131.749157,10.609344,11.025334
268.986598,130.945744,10.000000,10.645245
268.732973,132.053040,10.000000,10.273766
269.162483,130.610624,10.000000,10.000000
268.550205,131.753656,11.210789,10.932899
264.995903,129.661515,16.807640,12.595854
252.247614,117.509792,10.000000,10.000000
253.926704,115.767336,10.000000,10.000000
254.470528,115.394617,10.000000,10.000000
256.891477,115.914392,10.000000,10.000000
257.673029,115.829362,10.000000,10.000000
259.270366,116.276718,10.000000,10.000000
261.431956,117.568994,10.000000,10.000000
263.050538,118.356697,10.000000,10.000000
264.146946,120.651694,10.000000,10.000000
266.018899,121.971363,10.000000,10.000000
267.083249,124.795296,10.000000,10.000000
269.042351,127.368736,10.000000,10.000000
269.361032,130.539100,10.000000,10.000000
269.119275,132.102008,11.226038,10.464574
268.199314,132.025664,13.343448,11.857696
269.335439,131.596039,10.000000,10.586131
269.259646,130.638356,10.000000,10.814291
269.036374,131.020518,10.000000,10.404813
268.805891,130.787080,10.000000,10.488858
269.463409,130.646056,10.000000,10.372633
268.623514,131.935499,10.529827,11.136794
268.699797,130.628327,10.000000,10.009749
268.332115,131.439177,10.654987,10.722692
269.131043,131.349565,10.000000,10.247178
268.770326,131.007055,10.000000,10.472084
269.053769,130.905328,10.696312,10.848252
269.414340,131.725169,10.000000,10.631093
269.418594,130.881271,10.000000,10.928056
269.375160,131.268934,10.000000,10.343002
