122.200000,159.400000,12.200000,12.400000
126.599366,170.384718,12.694970,12.337799
130.697193,183.848047,12.731272,12.038437
134.252346,197.589803,12.663774,12.105584
135.459465,192.979281,12.814379,12.533892
137.125453,181.601466,12.710269,12.127701
138.064000,171.670140,12.821854,11.711092
139.511336,162.885614,12.719014,12.279137
141.325436,157.691508,12.234432,12.363648
145.312210,153.067836,10.823030,12.332223
146.385775,150.410025,12.129460,12.967421
148.635144,149.965705,12.812722,13.318254
149.551472,150.505618,13.671758,13.914404
155.307877,158.395362,12.076245,11.930684
159.049475,169.141512,12.231057,11.889557
162.719919,184.565929,11.802979,12.385999
166.698769,198.367169,11.224701,11.693300
168.508490,183.987865,10.006023,12.001479
167.596309,171.790620,10.299931,10.908056
166.759090,165.654809,11.311621,11.167372
168.833620,163.327868,10.408087,11.858103
170.548136,160.490641,10.000000,12.632709
171.272738,157.923995,10.000000,11.803472
167.553861,150.304755,18.185286,15.093828
165.945182,129.575649,11.733297,11.373754
168.211219,130.121589,10.395864,10.558409
169.404191,132.832405,10.566302,10.591123
170.714332,134.592373,10.729199,10.811129
172.525272,137.528465,10.531530,10.820883
174.321560,140.301035,10.086296,10.315195
174.815575,140.263438,10.370495,10.532641
175.662663,138.961645,10.489803,11.327195
175.369869,137.518586,10.718283,11.271477
171.210668,132.543752,13.207346,13.122362
172.421161,121.348468,11.137259,11.137762
172.741803,114.348585,12.348323,11.639351
172.799398,107.261332,12.773947,14.532415
171.670668,102.768077,13.015553,11.536915
171.306430,96.128733,12.118612,11.832022
168.566391,86.611160,12.102764,11.976719
163.975003,75.049215,11.680415,10.830916
159.972384,63.893842,11.323914,11.145184
155.115152,54.184333,11.780836,11.437539
150.286079,46.585405,11.586663,11.277000
146.665023,39.412052,11.486773,11.212183
143.008116,33.509319,11.357144,11.158419
138.459864,28.858586,11.312793,11.303635
134.975121,24.828570,11.124869,11.016586
131.266979,22.804165,11.179730,11.018414
127.890926,21.245340,11.148824,11.119561
124.030797,21.484414,11.041518,10.971160
120.636606,22.329925,10.970583,11.024360
117.448946,23.353399,10.870594,10.911099
114.036594,26.143973,10.877253,10.720248
111.516711,29.647777,10.639175,10.431922
108.265392,34.994310,10.737466,10.038092
104.397274,40.100125,10.745159,10.017261
101.757436,46.401657,10.538886,10.130430
99.070940,53.638236,10.585877,10.808414
96.207527,60.476112,10.754888,11.356574
93.933907,69.609243,10.821967,10.272852
93.602052,66.270569,11.294146,11.210941
96.631074,61.447978,10.885333,11.287361
98.609000,57.552649,10.892973,11.578995
101.016701,55.491918,11.170861,11.392042
103.725265,54.009425,11.469625,11.779754
106.182497,53.675136,11.664445,11.756285
108.556446,53.793616,11.081971,11.319922
112.141630,55.635030,10.017213,10.675608
115.437794,58.472337,10.151794,10.000000
118.255500,61.569651,10.133570,10.300322
120.393270,65.860433,11.165410,10.821603
122.875226,70.847426,11.483385,12.361201
125.573028,76.842803,10.811407,11.950895
129.300766,84.019358,10.405766,10.236297
130.597494,93.104298,11.352264,11.238929
131.460163,100.116231,15.294754,14.225367
132.970160,109.730897,16.576061,16.672808
137.740086,122.954839,25.248268,14.068909
142.420183,133.028826,18.118826,21.143614
142.121965,142.048596,12.438040,14.522089
139.258185,149.565799,25.572281,16.023151
141.930874,165.463903,11.045949,10.776215
143.436227,178.540002,10.732916,10.582986
143.489198,191.768958,10.994237,10.366659
143.345103,179.538523,10.864674,10.526248
142.755472,168.667914,10.874640,10.216124
142.117671,158.209906,10.472167,10.563713
141.758168,148.812971,10.624863,10.333235
142.053212,141.301304,12.157504,14.475266
141.926709,137.405908,18.367054,18.695063
137.154902,131.390369,15.662436,14.122732
138.057656,129.993649,15.576091,15.632523
138.083797,129.726615,15.268373,14.906376
142.503595,128.545100,29.912718,20.198063
145.733117,138.287445,16.064886,15.971635
141.854294,130.769662,24.092247,17.850895
138.786831,148.883948,10.718712,11.469771
137.976877,159.771352,10.590153,10.724627
138.044612,171.927330,10.662154,10.218846
138.605422,185.254541,10.676398,10.193972
138.387026,185.817132,10.668732,10.395218
138.946739,173.807395,10.775190,10.542998
138.731729,163.926737,10.641836,10.513027
138.938034,153.987656,10.553059,11.294951
139.528470,146.039586,11.356649,12.071282
139.968412,139.417318,12.520285,14.421021
146.823252,137.438433,18.258640,14.307132
139.478778,133.713636,19.190500,17.457401
143.498350,132.822571,25.567081,19.457571
145.295365,133.196913,32.717628,25.133722
152.947332,138.155855,28.013182,21.974857
152.901155,131.325392,20.259954,16.657679
143.208072,146.999136,11.307727,10.390507
142.847032,141.298502,11.826394,15.211154
143.523747,146.526560,10.924271,11.519374
145.055984,153.774047,10.026964,10.773340
145.371071,163.841577,10.583160,10.466546
146.481185,173.375534,10.738387,10.462658
147.861347,185.229805,10.561417,10.131763
148.624064,186.906362,10.725597,10.550968
150.022937,176.910924,10.667547,10.191424
150.997368,168.388227,10.903355,10.687037
152.114320,160.133341,10.843893,10.924283
151.707186,152.935151,11.612252,11.341336
143.230642,144.810122,14.559685,12.536139
135.765271,134.844319,30.379719,24.477484
150.757810,142.593423,49.220066,29.626614
153.973718,135.973875,26.206554,25.827579
156.592016,136.048175,12.904110,12.389504
159.325922,135.489326,11.505117,12.389633
161.273538,135.270612,11.254745,11.885868
162.543214,135.230091,11.510784,11.906864
163.286179,135.171437,11.496393,11.990599
164.363146,135.141972,12.223829,12.216834
166.716045,135.515834,11.648945,11.935300
167.898912,136.461969,11.390083,11.509872
168.660909,135.288832,12.496613,12.463584
170.149383,135.449376,11.824729,11.947874
170.131518,137.047653,12.060938,12.424393
169.218484,137.070374,12.312234,12.397360
169.622900,141.105242,10.981318,10.880534
168.022360,143.732705,10.907721,10.825173
166.943133,149.191381,10.982027,10.616653
163.778200,156.816321,12.609240,12.452353
162.477299,164.602065,11.250994,10.715817
161.073763,174.419952,11.187831,10.036145
159.426826,184.691528,10.861725,10.529285
158.147195,189.062584,11.134018,10.591267
155.864492,179.651996,10.939079,10.597027
154.842997,170.864275,11.409116,10.915175
152.893960,163.723848,10.774377,10.689326
150.969127,156.789895,10.434484,11.212656
148.329695,151.110141,13.201742,13.121666
147.165257,147.029271,13.534246,11.812703
146.860112,145.476589,12.443287,12.216434
146.530124,142.633472,13.068801,12.814477
147.339567,140.078727,15.205543,15.462708
153.210725,138.890634,11.861565,12.604974
156.614555,137.321701,12.572066,13.396500
159.503698,138.623391,14.055435,13.739854
162.768820,142.802536,14.179324,13.023499
168.588476,148.191804,11.495016,11.267820
170.413688,154.589297,11.310836,10.961022
170.372019,161.885954,11.327968,11.047493
170.639970,169.771665,11.320732,11.333607
170.478068,179.573691,11.002126,10.556666
169.779291,189.024042,11.120147,10.702033
169.064950,186.034411,10.588100,10.546672
167.222444,177.111037,10.946720,10.714882
165.687110,170.695340,11.252636,10.851256
164.624654,163.624682,10.880952,10.841082
162.735209,158.404484,11.609110,11.371283
161.968800,155.157261,10.688135,10.759548
154.422372,145.602104,25.445633,19.375809
160.197616,146.218258,19.546940,14.752593
161.352069,144.683631,30.160885,19.427584
164.413787,141.611760,31.162601,23.709341
159.853138,143.321224,25.587847,18.950165
149.083999,133.166625,52.382465,31.260416
157.633723,145.228689,15.035718,16.071484
158.646821,144.034317,13.601403,13.422951
159.574606,144.198566,14.075556,13.996628
161.265667,143.000236,12.968886,13.288465
162.148018,144.071702,13.806341,13.521048
161.774521,145.489318,13.854437,14.682965
166.702626,154.795561,10.780667,11.081573
167.001813,160.722559,10.945004,11.400275
166.576423,167.948866,10.724979,11.091990
166.011685,176.741129,11.358412,11.254734
165.361939,185.967385,11.350316,11.274014
165.309419,191.339192,11.365401,11.468969
164.578099,183.508603,11.369462,10.843943
163.786876,176.144048,11.448376,11.173978
163.054385,169.235428,11.298738,10.753613
163.086283,163.812978,11.574185,11.196306
161.984566,159.609536,11.261405,11.848534
161.255021,157.077926,11.041706,11.302402
160.511327,155.347998,10.099701,11.233644
158.532952,153.426688,10.047621,11.251587
156.114898,150.890901,10.726528,11.464090
153.462250,150.125913,11.246905,12.417948
151.702187,149.453445,10.998465,12.087905
149.353043,148.446496,11.220320,12.232239
148.714194,148.698583,11.772450,12.554724
147.226816,150.486793,11.787681,13.228587
147.479178,154.421789,10.729486,12.464810
147.939099,161.535519,11.426847,11.495591
148.493341,169.684992,11.651706,11.322747
150.578710,178.999630,11.486485,11.015035
151.435028,188.548366,11.668676,11.205496
153.477473,192.721430,11.489556,11.541969
154.495094,183.385900,11.942093,11.583625
157.159382,175.650593,11.655188,11.536911
158.985825,168.341823,11.577181,11.791231
160.422605,162.602624,11.350571,11.425498
162.159697,158.225387,12.214922,12.227636
165.657598,153.061506,15.616833,14.383314
163.440954,146.419645,19.161266,18.930895
163.549238,154.301748,13.708788,12.968111
161.862253,150.286213,20.418394,16.716644
163.712676,151.193736,16.578571,16.020245
162.617640,145.121427,12.758341,11.705751
162.363286,142.431617,12.569619,11.373424
160.545888,134.065798,19.753719,20.930004
154.838597,129.740738,17.434195,18.993477
153.893658,121.870410,20.459761,16.683224
161.253575,119.375428,14.022450,12.140899
161.897202,119.588554,13.017880,11.798396
161.714872,119.771719,12.974628,12.485495
159.844436,119.421356,13.242500,12.689870
160.456904,119.850136,12.321268,10.979046
159.750186,119.461662,12.781761,11.778704
158.677759,121.182252,12.619493,12.045620
158.940366,120.789423,11.995647,11.664370
157.497140,119.810285,12.820545,11.354326
156.940479,120.418159,13.089461,11.712752
153.580252,121.513814,15.706454,14.746685
157.095417,120.410691,11.763724,10.567398
155.987966,120.247913,12.885383,12.684980
156.632675,119.491526,11.860451,11.302289
156.274198,119.641772,11.751102,10.863079
155.988888,120.146101,11.657424,10.699285
156.205946,119.851453,11.457056,11.043036
156.601221,119.602748,11.325884,10.588145
156.428496,119.921760,11.233061,10.810221
155.390710,119.811427,11.750317,11.134918
156.959053,120.595492,10.923426,10.621746
157.633848,119.969236,10.781253,10.896826
157.048961,120.688867,11.149470,10.998285
156.250234,119.506611,12.193412,11.749967
157.590293,121.108590,10.789006,10.672824
158.385021,120.387287,10.081344,10.696935
158.341871,119.997270,10.198711,10.886668
157.426296,120.488548,10.656619,10.812429
157.780540,120.950854,10.515457,10.916972
156.710021,120.215143,10.610355,11.093397
157.496987,120.147621,10.636560,10.905667
157.074386,120.177452,10.304630,10.706602
157.079203,120.320487,10.441869,10.853161
157.256641,120.789337,10.193970,10.576265
157.988464,120.202687,10.232132,10.803501
156.891744,120.351505,10.877602,11.100049
157.727732,120.291299,10.476167,10.672499
157.856651,120.632725,10.012034,10.445854
157.661340,120.584357,10.260803,10.807723
157.524756,120.889774,10.070680,10.759427
156.473859,120.206560,10.789441,11.176462
156.716850,120.062233,10.282035,10.668073
157.065090,120.745275,10.069605,10.597487
157.128769,120.170328,10.226703,10.789037
156.563064,120.281768,10.435950,11.019285
157.132759,120.398349,10.238078,10.810939
156.383032,120.408125,10.436687,10.819422
156.391828,120.287385,11.433910,11.197376
156.524706,119.816012,10.581363,10.948419
156.150741,120.643488,12.332710,11.513102
156.061302,120.377046,11.045386,11.399607
155.747457,119.567516,11.024920,10.921831
156.225108,120.604283,14.430084,12.631476
151.683280,121.285350,15.071697,13.471255
151.554010,120.893203,15.484211,13.486891
151.483356,120.059792,13.985923,13.027885
155.272988,119.544513,10.556008,10.428877
154.301743,119.911689,10.144053,10.129831
154.862648,120.783217,10.080256,10.194947
155.430111,120.530334,10.035124,10.453010
154.637480,120.368082,10.628043,10.740270
155.570509,120.430865,10.147947,10.608894
153.938153,119.650437,11.426950,11.531090
151.357671,120.531623,13.925256,12.490794
148.140943,120.429946,16.794777,14.023879
141.589007,126.656640,13.079500,12.169109
139.091153,126.833347,13.254616,13.819024
137.987276,126.689085,11.369842,12.802251
137.557125,123.927588,19.711184,17.706646
133.767562,129.455678,32.157948,28.529121
134.157020,153.116391,15.061108,14.906105
138.946213,143.689172,16.608194,15.047694
142.483395,143.910862,12.366586,14.288838
140.466406,139.900637,13.947333,17.210609
141.567589,131.626882,11.092882,10.100496
141.308332,127.157584,12.879681,13.786171
143.970270,124.950665,13.246763,13.878521
144.344729,124.584785,18.007170,14.217250
139.373749,124.870528,21.371302,15.899601
145.552738,125.090852,18.816738,15.057646
149.559736,124.150988,16.940117,13.824307
148.610323,124.456078,14.287783,12.837888
148.500690,121.792080,17.476112,13.930725
150.967078,117.500154,15.538827,13.793899
156.255045,117.672131,11.626528,11.920822
157.547375,116.967805,10.457883,10.858761
157.296576,116.642789,10.582971,10.856620
156.944971,116.816912,10.467772,10.391579
156.871017,118.365255,10.123416,10.536763
156.693833,119.260095,10.075906,10.233336
156.874172,120.064571,10.000000,10.729058
157.081637,120.967370,10.000000,10.200507
156.943877,119.655987,10.000000,10.931293
157.378226,120.426933,10.000000,10.455358
157.159741,120.420404,10.097695,10.663032
157.731165,119.749006,10.140759,10.705552
157.263401,120.159508,10.000000,10.170732
157.319595,119.434342,10.151072,10.520050
158.036084,119.670312,10.014584,10.313156
157.108167,120.296568,10.176299,10.152112
157.751632,119.458789,10.000000,10.388048
158.074525,120.112167,10.036116,10.239268
157.594974,119.327212,10.097427,10.347995
158.201286,119.932246,10.000000,10.102954
157.732287,120.292504,10.000000,10.116814
158.534415,119.536003,10.000000,10.307366
158.343197,120.041715,10.000000,10.087264
158.255049,119.246934,10.000000,10.202187
158.188810,119.650402,10.000000,10.051824
158.310895,119.787414,10.000000,10.130214
158.664875,119.940373,10.000000,10.194069
159.608334,119.073088,10.000000,10.091232
159.928098,119.223186,10.000000,10.157820
161.173871,119.339731,10.000000,10.000000
162.073679,119.831985,10.000000,10.000000
162.952339,119.395990,10.000000,10.105320
164.288539,119.865306,10.360847,10.000000
165.123164,120.402438,10.333687,10.072476
166.631105,120.201959,10.000000,10.101357
168.206672,120.100842,10.000000,10.240042
168.525155,120.132331,10.274321,10.377416
170.333561,121.213214,10.000000,10.136250
172.123273,120.404922,10.000000,10.491413
173.392183,120.752593,10.325706,10.487889
174.789672,120.241659,10.711571,10.802375
176.245940,119.244045,11.091997,11.175536
177.777506,120.469306,10.986506,10.328572
178.760219,120.151836,10.715332,10.203784
180.191143,120.675922,10.396650,10.457748
181.461470,120.548550,10.654966,10.295134
181.862998,120.195789,10.637540,10.627265
182.758786,120.793437,10.000000,10.249844
184.337309,121.327548,10.174746,10.792435
185.691916,121.052465,10.000000,10.116309
186.683118,120.748732,10.000000,10.523809
186.958984,121.094191,10.828399,10.891339
182.130354,116.015397,17.461767,15.957195
177.428236,115.286676,12.278151,11.328944
181.388427,119.948073,19.859295,13.879030
190.289348,119.963688,11.582966,10.809861
191.734663,119.043326,11.234903,10.837320
194.194261,118.595915,10.962436,10.941045
195.882844,119.476838,11.143128,10.042812
198.995037,119.132681,10.540957,10.468123
200.248786,119.013377,11.210877,10.572487
203.126640,120.251025,10.429656,10.099545
206.279710,120.453682,10.084413,10.000000
208.302804,120.401685,10.000000,10.000000
211.001118,121.032527,10.000000,10.000000
213.073252,120.254379,10.000000,10.000000
215.083780,120.120123,10.000000,10.000000
216.754254,119.573288,10.000000,10.000000
218.164666,118.933533,10.000000,10.000000
220.308751,118.823566,10.000000,10.000000
222.209883,119.220021,10.601685,10.000000
222.824271,119.517308,14.568862,11.204460
225.812343,120.783454,10.176021,10.000000
228.172787,121.435539,10.000000,10.000000
229.524226,122.054830,10.000000,10.000000
230.390466,121.835276,10.000000,10.000000
232.949430,121.850031,10.000000,10.000000
233.850331,121.777009,10.174540,10.000000
236.228547,121.988503,10.194597,10.000000
237.586816,122.286874,10.125910,10.000000
240.365103,121.611987,10.000000,10.000000
242.899669,121.063268,10.000000,10.000000
244.788763,122.020966,10.110799,10.000000
248.252353,121.838590,10.000000,10.000000
250.470634,122.521377,10.394110,10.000000
252.272695,121.440522,11.976836,10.685911
254.694591,121.628258,10.071489,10.000000
256.556846,119.952274,17.654276,15.422775
256.560668,117.315979,23.089725,17.711060
258.664996,118.337663,19.006008,19.247541
259.608388,119.199894,11.271515,10.000000
261.858173,116.890987,11.012751,11.427285
262.819720,117.024910,11.641137,11.801159
263.991014,116.173546,11.629039,12.782209
264.792628,115.613200,11.351655,12.283197
265.463565,114.826957,11.360352,12.307420
265.279860,115.918702,11.469307,12.035771
264.979896,115.893661,11.108798,11.890823
264.867143,115.062296,11.734568,13.299364
265.536636,115.529981,11.721416,12.991859
266.163876,115.690035,11.623199,12.910922
265.920368,115.457121,11.079581,13.046818
265.657858,115.703932,11.064111,12.918593
265.855612,115.462594,11.420881,13.215783
265.254330,115.488554,11.032769,13.075848
266.586733,114.866810,10.704564,12.736911
266.375605,115.351699,10.956796,12.479280
266.197989,115.454943,10.889684,12.482657
266.124028,115.653864,10.558961,12.281226
266.492863,115.019853,10.697465,12.784172
266.291133,115.228254,10.812397,13.066684
266.236740,115.583927,10.442671,12.983734
266.396244,115.735261,11.342278,13.741858
264.440788,118.839516,13.850139,13.253656
259.388343,120.640825,18.161301,15.371974
258.528449,125.699139,12.444054,13.606483
258.761296,125.630583,12.910512,13.220698
260.210734,122.661806,18.273388,15.175078
261.512708,122.990326,17.911224,14.187716
261.273941,123.124771,14.380789,12.406178
271.624808,120.207742,10.454675,10.933724
271.637637,118.468658,10.122851,10.373539
270.897043,116.168942,10.641562,10.534449
269.850019,113.846172,10.977942,11.664452
270.504533,113.143592,10.511738,11.379361
270.068895,114.150243,10.211496,11.134320
269.096206,115.762941,11.253828,11.428921
268.515469,117.524003,11.267857,11.427472
267.582608,117.712100,11.750549,12.629351
270.110844,118.281988,10.000000,11.124432
269.239542,118.240521,10.662722,11.726748
269.784136,117.139747,10.464628,11.318952
268.135018,117.143654,11.659477,11.789225
269.199095,116.850015,10.841760,12.149208
266.626456,116.112373,10.956802,13.445873
265.882163,116.937957,11.249042,13.019010
266.022096,115.646351,11.381060,13.360441
265.609249,116.187755,11.000337,12.750104
265.933330,114.942164,10.806746,12.946188
265.587294,115.909339,11.187520,12.888227
264.769805,115.197242,11.086246,12.974987
265.774329,115.070907,10.879040,12.576244
264.826046,115.421725,11.030465,12.718617
265.550584,115.236737,11.214928,13.002501
264.791820,115.726343,11.226398,12.926696
265.633366,114.891360,11.180768,12.973706
265.379998,115.495856,10.866649,12.081446
265.443535,114.889199,11.116624,12.729047
266.082506,115.699074,10.866145,12.442007
265.890600,115.944629,11.049055,11.905678
266.150411,115.459486,11.039679,12.234946
265.803586,115.389572,10.798511,11.748557
265.940994,115.693253,11.032538,12.643920
265.653951,115.388227,11.349686,12.325607
265.418458,114.803039,11.277724,12.210832
264.437297,116.113129,10.979702,11.957896
264.774082,115.119498,11.236697,12.586821
264.824454,115.767834,11.466062,12.238944
262.914465,116.756143,11.296289,11.858033
262.980029,115.867754,11.729613,11.738067
262.248499,117.077451,11.715680,11.118778
261.958140,115.771697,11.546201,11.282540
259.934035,117.325563,11.339043,11.105260
259.457726,118.053642,11.224103,10.889297
257.514512,116.712400,12.499084,12.536648
257.540753,119.618395,11.099819,10.389940
255.456941,118.314865,12.570849,13.571232
254.637945,119.808190,12.196054,12.216139
254.531748,121.246313,11.435586,11.203467
253.655772,119.253707,11.872337,10.924227
251.506733,118.529530,12.980150,13.188421
239.744707,123.960302,10.334353,10.009841
242.619550,123.080782,12.228719,10.088448
244.444821,122.122609,12.078638,10.000000
247.257548,121.071542,16.520952,12.482935
249.271544,118.824389,12.816066,11.851590
249.596601,118.278998,11.702130,11.151676
249.399731,119.003569,11.565390,10.771531
247.304492,118.763888,12.048089,11.764525
246.857160,118.883706,11.364903,11.139057
244.066003,120.241186,12.028414,12.030492
243.392132,119.188923,11.175663,10.291006
242.945522,119.023928,11.546906,11.023534
240.202374,118.588405,12.005763,11.807116
238.145958,119.713970,11.996768,11.847872
236.543949,118.926211,11.297787,11.566638
235.367380,118.309050,11.195286,10.686546
233.117070,118.627484,11.207049,10.467662
231.356731,118.965468,11.067085,10.263367
229.848802,119.103031,11.488487,10.010217
227.877368,119.891667,11.328614,10.457353
225.799160,120.561596,11.007907,11.610968
224.285239,121.275617,11.528131,11.158549
222.307269,121.332577,11.278905,10.307854
220.394141,122.994372,11.478933,10.353977
219.110659,122.594962,11.608313,11.966339
216.638085,122.194228,12.124750,12.212135
215.217229,121.946560,11.607733,10.730152
212.928558,121.874203,11.573090,14.405479
210.574282,121.636226,11.980429,10.406390
210.347347,122.460816,10.945916,10.035398
208.228351,122.376711,11.440331,11.744687
207.827322,121.705323,11.175659,10.442898
206.640765,121.446873,11.103980,11.265946
204.099382,120.426920,12.051682,14.668511
203.845939,120.784146,11.584396,13.319327
201.654430,120.556586,11.708694,10.681022
201.048395,120.744691,11.126163,10.605810
199.359114,119.955785,11.049334,11.124541
199.502431,120.297078,10.368642,10.583382
197.494525,120.203643,10.332514,10.978384
196.714860,120.785542,10.525766,10.273980
195.600499,121.205366,10.147435,10.000000
194.933615,120.683477,10.309460,10.000000
192.366978,119.116508,11.010638,12.000642
190.680797,117.178814,12.115093,13.360372
190.413144,114.920020,12.391450,15.128191
187.958188,117.891636,13.149988,14.870557
189.216420,119.368053,10.944220,11.143377
189.776883,120.152863,10.250600,10.213210
189.609624,119.252758,10.608717,11.059476
188.371474,119.138663,10.890048,10.938772
187.584746,119.954670,10.092470,10.261331
187.455455,120.071972,10.000000,10.000000
186.781885,120.579294,10.000000,10.058073
185.766398,120.749619,10.000000,10.000000
184.755238,120.658572,10.000000,10.029047
184.512437,121.372776,10.000000,10.090619
183.854884,121.310562,10.000000,10.162998
183.978121,121.404093,10.000000,10.235114
184.259044,121.495069,10.000000,10.303803
183.771104,122.212501,10.000000,10.124632
184.354143,122.530010,10.000000,10.000000
184.945306,122.645674,10.000000,10.063702
185.832400,123.779458,10.000000,10.030765
186.527944,123.785420,10.000000,10.243046
186.944588,123.277250,10.590212,11.218457
188.045999,122.581822,10.000000,10.725389
188.856715,121.709005,10.482770,11.027112
189.674164,122.548446,10.000000,10.000000
189.898398,120.540636,10.000000,11.141531
191.038542,120.405838,10.356973,10.991027
190.756601,119.944404,10.500512,12.178092
191.001806,119.595959,10.915936,11.956293
191.599947,118.309761,11.135106,12.688311
191.324531,120.149372,10.992373,11.258303
192.084965,120.851979,10.600082,10.698959
191.959070,120.571390,10.453819,10.610441
190.934407,120.596987,11.354965,11.793214
191.848968,120.548494,10.998593,11.445220
191.258205,120.598392,10.911710,11.281662
191.835327,120.716966,10.745865,11.055927
190.432591,119.903529,11.629635,12.896398
189.998644,119.862379,11.058183,11.676692
190.110804,117.180107,11.088802,13.545367
189.396786,118.696595,11.267533,12.616791
189.898442,119.000579,11.356964,11.633125
189.220364,117.699952,11.487991,12.688851
190.270111,117.289472,12.063382,13.383820
189.415098,120.635474,11.405493,11.807907
189.577468,118.633310,11.854796,13.374751
190.256545,121.295468,11.652861,10.987774
189.352962,120.152509,13.593865,14.492801
189.607139,122.113699,12.261148,11.741679
189.360757,121.950795,13.027868,12.829464
189.293196,121.188371,13.999747,14.138999
190.403610,120.723030,13.535050,12.762316
190.402583,119.054101,13.488268,13.537647
192.432877,121.275097,12.436398,12.252275
193.060372,121.591682,11.582039,11.342345
192.055185,120.983518,12.659819,12.375393
192.854172,120.673040,12.053025,11.662997
191.206401,120.725841,13.340036,12.954227
192.099404,121.465382,12.839386,12.985998
190.455638,122.139549,13.315589,12.742244
190.640369,122.569653,12.789366,13.239667
190.523538,119.544943,12.872633,13.490277
190.616462,122.126098,12.722079,13.549911
189.740406,123.398275,12.886872,13.785730
189.340794,122.274820,12.718677,14.272947
188.459686,120.994081,13.139245,16.820076
188.567697,122.236050,12.823263,14.904726
188.238812,120.486410,12.980667,15.704459
187.915817,120.557757,12.573362,16.431515
187.857591,119.859445,13.577845,17.874771
185.070369,120.466513,17.208055,18.872709
173.054835,117.288112,33.910114,25.101498
194.846109,154.451632,17.091925,11.824553
205.208065,158.017391,10.000000,10.000000
203.431117,158.277541,10.000000,10.000000
199.010849,157.139517,12.307852,10.000000
192.479961,148.187799,18.357048,16.618761
180.934838,127.878290,20.609732,16.670717
189.640511,125.211847,14.774205,14.235109
185.309387,114.871759,18.362585,18.880684
175.114985,128.037340,12.999719,14.552093
175.314541,126.469950,22.349760,21.986860
179.460188,130.435350,11.843103,12.808128
182.523095,132.966539,10.923284,15.367592
182.993980,136.328292,11.942462,13.521728
187.029489,140.315422,10.676829,11.164995
189.405922,146.166102,10.000000,11.067979
191.070365,152.201604,10.000000,10.711698
193.353369,158.582330,10.000000,10.000000
196.014252,166.929670,10.000000,10.000000
197.547982,175.678186,10.000000,10.000000
199.114293,182.569434,10.000000,10.000000
201.638826,174.350940,10.000000,10.000000
202.532099,167.962733,10.649391,10.000000
205.680530,154.984372,13.720525,15.174672
217.127840,143.386908,22.552444,17.055571
219.635087,146.694549,17.691446,15.388363
223.313046,149.524522,10.000000,10.000000
223.577464,144.459789,16.898739,14.796310
227.824852,138.217690,15.088305,16.178480
216.058637,126.673923,23.972708,21.485149
227.617716,146.899398,15.729238,16.012699
226.537691,139.196179,13.412789,11.519701
230.149907,139.328264,11.975318,11.695728
236.163087,141.957622,11.524692,10.710793
240.811523,144.007807,10.000000,10.000000
244.206822,145.733368,10.000000,10.000000
247.941965,145.248088,10.000000,10.000000
250.622117,146.727723,10.000000,10.000000
252.696356,146.296796,10.000000,10.000000
254.611685,147.580343,10.000000,10.059595
256.752300,148.303959,10.000000,10.000000
257.815016,149.104287,10.000000,10.000000
259.579343,148.996743,10.000000,10.000000
261.025425,149.319782,10.000000,10.000000
263.527500,149.325207,10.000000,10.000000
265.453963,148.558203,10.000000,10.000000
268.447491,147.057163,10.000000,10.000000
270.275259,146.499748,10.859426,11.167316
271.968342,145.057858,11.162104,12.479243
273.159404,144.521353,10.926720,11.801825
275.412715,143.898727,10.619762,10.721996
278.620220,143.503718,10.000000,10.000000
279.404420,143.383685,10.000000,10.926155
281.732491,144.685500,10.000000,10.535748
282.306339,146.106576,10.136386,10.791207
284.981108,146.272602,10.000000,10.189577
286.580093,146.332912,10.000000,10.003769
286.932779,145.970285,10.000000,10.000000
287.249745,144.887827,10.000000,10.067568
287.126509,143.800576,10.000000,10.000000
287.326561,141.770650,10.000000,10.000000
286.881898,140.571083,10.000000,10.000000
286.495538,140.259259,10.000000,10.000000
287.606885,142.485501,10.270175,10.000000
288.451567,145.512921,10.000000,10.000000
290.792894,153.368677,10.000000,10.000000
291.336465,163.494813,10.026139,10.000000
292.818437,173.759512,10.000000,10.000000
293.899828,180.075756,10.161757,10.000000
294.097861,169.980822,10.221571,10.000000
293.783440,163.205828,10.000000,10.000000
293.912900,154.619280,10.000000,10.000000
295.471804,149.767406,10.000000,10.000000
296.875684,147.792009,10.000000,10.000000
296.420821,146.776076,10.000000,10.000000
297.209949,145.926373,10.000000,10.000000
296.743682,145.245080,10.000000,10.000000
295.965660,144.990340,10.405341,10.206347
295.699675,144.842765,10.398210,10.278845
294.200314,144.702625,10.879099,10.234506
293.646558,145.151722,10.483807,10.000000
292.805891,144.155904,10.313128,10.000000
291.385409,143.826670,10.583239,10.249506
289.794656,144.396946,10.000000,10.000000
288.793876,145.243198,10.000000,10.019056
288.329749,144.292521,10.780825,11.359352
287.213242,145.594096,10.592604,11.185198
285.677246,141.227800,15.580375,16.594948
284.632683,146.886896,11.333911,12.626054
284.922237,149.619804,10.493858,10.338788
283.725939,150.026732,10.477921,10.000000
282.259186,149.749206,10.734219,10.000000
281.339044,150.190712,10.560551,10.000000
280.521713,150.790854,10.239308,10.000000
280.587061,149.833750,10.405581,10.338390
280.063469,148.830905,10.000000,10.521669
279.939767,148.177844,10.000000,10.637534
279.203907,147.544957,10.000000,10.871519
278.863798,146.599287,10.224476,11.135643
278.706136,145.741447,10.000000,11.361684
277.721618,145.820280,10.186343,11.288067
277.303358,145.902457,10.298470,11.243929
277.245048,145.696385,10.299788,11.019317
277.092845,146.191622,10.000000,10.739417
278.005197,147.243671,10.000000,10.679903
278.326412,148.700630,10.000000,10.843811
279.829927,150.054722,12.128384,10.620804
279.842863,151.753216,10.000000,10.000000
280.456574,151.629966,10.000000,10.123011
280.279662,152.648431,10.000000,10.000000
279.569710,151.996063,10.000000,10.000000
275.634317,150.063505,10.000000,10.341267
272.991402,146.587679,10.392249,10.396637
271.377041,141.583221,12.003211,12.159351
270.586828,136.030801,11.536034,10.891682
272.663791,131.049349,10.427747,10.220706
275.018972,126.921195,11.463552,11.539034
279.306120,127.468548,13.539345,10.112654
281.974058,126.796131,12.629009,10.858677
282.957635,125.463772,10.997247,11.389555
283.294251,125.820184,10.295230,10.390175
283.428747,125.385137,10.000000,10.184517
280.969067,123.579337,11.336967,10.756750
281.401072,121.053794,10.141779,10.000000
278.156891,114.354180,10.190124,10.000000
272.436305,104.573368,10.000000,10.000000
264.528369,93.446125,10.000000,10.000000
255.423763,83.818270,10.000000,10.000000
248.053993,73.968918,10.000000,10.000000
239.318378,65.149971,10.000000,10.000000
231.295071,57.679481,10.000000,10.000000
222.927831,50.398495,10.022460,10.000000
214.699835,44.557259,10.205202,10.000000
206.323210,39.958304,10.067284,10.000000
197.647364,36.281999,10.000000,10.069329
189.604062,32.443545,10.034861,10.229010
181.293163,30.495137,10.150496,10.188106
172.764280,29.333395,10.214086,10.000000
164.947182,28.723779,10.300774,10.160947
156.081262,29.733794,10.124601,10.367536
147.784577,31.541885,10.275940,10.115563
140.320214,33.699527,10.356616,10.286420
132.108638,37.133236,10.227921,10.133502
123.295632,41.286098,10.084619,10.382985
114.781524,47.340636,10.208286,10.000000
104.853131,47.079763,13.345250,16.776735
97.708119,60.887334,10.529305,10.924525
90.180276,68.392323,10.626872,11.147232
84.072417,70.732005,20.586269,15.939059
82.994397,78.194853,12.866486,13.236493
83.278110,79.766336,11.689574,12.449770
84.759036,81.065689,11.903987,13.495042
87.580754,86.879458,11.260033,10.881764
88.460559,89.609877,11.038151,10.956451
89.919109,92.838179,11.629126,12.260179
92.881307,101.212423,10.499861,10.000000
95.020464,107.585709,10.174314,10.000000
96.373909,113.702017,10.357083,11.018379
99.168576,123.091573,10.023419,10.000000
100.090980,131.553320,10.899604,11.170107
102.952287,142.110757,10.295458,10.712481
104.229445,154.043791,10.323383,10.486558
106.186709,167.139797,10.954460,10.039679
98.522209,161.596203,10.000000,10.023385
99.775344,157.068531,10.000000,10.306521
100.284907,153.791823,10.000000,10.408070
100.206962,152.320984,10.375463,10.276401
98.887463,150.724308,16.915565,12.829416
112.101888,147.484031,12.325177,12.715336
114.331239,140.518833,10.425399,10.644397
115.927831,133.787750,10.340602,11.110869
116.555330,127.833310,10.166006,10.240435
118.159240,123.573112,10.463633,11.830992
118.937603,119.862372,10.205498,10.393307
120.268380,116.989716,10.169546,10.913325
121.299602,115.100449,10.000000,10.483947
122.183835,114.787394,10.232450,11.066688
123.075988,114.783624,10.294529,10.922659
124.290851,115.840606,10.046752,10.404382
125.763955,118.312003,10.092374,10.385684
127.617460,122.105072,10.000000,10.155640
127.413407,125.900421,10.839148,11.071751
128.741085,131.938996,10.000000,10.609244
130.301736,137.941003,10.000000,10.392466
131.338608,144.818755,10.259772,10.000000
132.709409,153.623062,10.217141,10.612479
133.778661,162.045187,10.718068,11.056955
135.153139,172.274779,11.240385,10.886956
136.865258,184.585117,10.888970,10.391257
137.585241,187.740112,10.792290,10.425512
139.207837,178.153028,10.780659,10.386131
139.677923,168.934937,10.873279,10.444028
140.162787,160.714475,10.674280,10.865032
141.947488,154.139890,10.631771,11.199105
142.783780,148.725264,10.950504,11.076747
143.105486,144.030962,11.095126,11.815495
143.804735,140.218804,10.915354,11.119244
144.482680,138.195294,11.182744,10.600104
145.609115,136.665991,11.396160,11.029597
145.728311,135.080662,12.473754,10.954834
148.974605,136.010630,10.844227,10.974281
150.173569,137.259160,11.478629,11.512667
151.232583,141.159560,10.495000,10.000000
