234.400000,192.200000,6.600000,13.800000
235.304128,190.998448,10.000000,14.019032
236.476085,191.197541,10.000000,13.730402
238.005699,190.254339,10.000000,13.362575
239.582048,190.299451,10.000000,13.384052
241.869142,189.951687,10.000000,14.038225
242.408632,189.184857,10.000000,13.458242
243.974588,189.330331,10.000000,13.601991
245.116662,188.247854,10.000000,13.525574
245.048027,187.884377,10.000000,13.858809
247.056694,187.919124,10.000000,13.500999
248.099669,187.912084,10.000000,13.560604
249.281508,187.422575,10.000000,13.366508
251.103033,186.497264,10.000000,13.328234
251.455537,186.409794,10.000000,13.511065
252.670727,185.875010,10.000000,13.398555
254.342045,185.953461,10.000000,13.324092
254.988780,185.477037,10.000000,13.421308
255.924844,184.781965,10.000000,13.033733
256.494764,184.945790,10.000000,13.583117
256.046509,184.949629,10.000000,13.316626
256.106115,184.008075,10.000000,13.623867
257.788393,183.541201,10.000000,13.426683
258.306951,182.770530,10.000000,13.702999
257.138509,183.189253,10.000000,13.469091
256.900550,182.718618,10.000000,13.719798
257.510483,182.248382,10.000000,13.680897
256.521533,181.763948,10.000000,13.657792
256.435040,182.063835,10.000000,13.509002
256.205424,182.149731,10.000000,13.493052
256.342703,181.750018,10.000000,12.734972
257.315417,180.979167,10.000000,13.352041
256.385147,181.079078,10.000000,12.721929
255.384581,181.265656,10.000000,13.375380
256.026244,180.645033,10.000000,13.409129
255.692435,179.556917,10.000000,13.669543
256.687085,179.689780,10.000000,13.189928
259.777613,178.733148,10.000000,13.636487
262.360430,177.767558,10.000000,13.647280
261.413045,178.085697,10.000000,13.298092
261.798704,177.887580,10.000000,13.143507
261.578572,177.475535,10.000000,13.186792
260.317512,177.079947,10.000000,13.410536
260.037458,177.401556,10.000000,13.333156
259.793991,176.350507,10.000000,13.500828
260.382450,176.341837,10.000000,13.279686
260.067942,176.868888,10.000000,13.186986
259.898473,176.807585,10.000000,13.148501
259.460554,176.460435,10.000000,13.695999
259.643644,175.709416,10.000000,13.798319
259.578182,176.003277,10.000000,13.467376
259.581701,175.862400,10.000000,12.993716
258.224870,175.970856,10.000000,13.298949
258.580207,175.173058,10.000000,13.680816
261.312622,173.968587,10.000000,13.385548
261.342798,174.191422,10.000000,13.908857
260.751872,174.574771,10.000000,13.076966
260.896828,173.950323,10.000000,13.932304
262.277483,173.707433,10.000000,12.996635
263.131419,173.505763,10.000000,13.207693
263.410895,172.832058,10.000000,13.792026
264.171219,172.494449,10.000000,13.415818
263.926113,171.684012,10.000000,13.573198
264.938704,171.959558,10.000000,13.772214
265.618692,172.314497,10.000000,12.741104
264.991709,171.173125,10.000000,13.204195
265.183195,171.157627,10.000000,13.203045
264.979539,170.714418,10.000000,13.814054
265.184782,170.629870,10.000000,13.066374
265.809171,170.607094,10.000000,13.396327
267.369719,169.853561,10.000000,13.697701
266.968117,170.058632,10.000000,12.910233
267.192563,169.143624,10.000000,13.244367
266.920054,169.205358,10.000000,14.026593
267.662340,168.982847,10.000000,13.814194
267.758048,168.556150,10.000000,13.106961
267.763608,168.403301,10.000000,13.575710
268.053680,167.823994,10.000000,13.644140
267.284709,168.049382,10.000000,13.909719
267.134544,167.934825,10.000000,13.707365
266.109974,168.057328,10.000000,13.790975
266.515668,168.332720,10.000000,12.696768
266.863097,167.082938,10.000000,13.652310
266.725204,167.619147,10.000000,13.869077
265.814419,166.776707,10.000000,13.527533
267.455142,167.058416,10.000000,13.191621
268.475769,165.894036,10.000000,13.461251
268.110646,166.170090,10.000000,13.570384
268.906978,166.299078,10.000000,12.948811
268.813499,165.295149,10.000000,13.295183
268.665297,165.618606,10.000000,13.539155
269.529530,164.771826,10.000000,13.516256
272.535522,163.956547,10.000000,13.591333
273.170922,164.187004,10.000000,12.861617
272.415514,163.692573,10.000000,13.666527
272.138693,163.958235,10.000000,12.573771
272.412504,163.077862,10.000000,13.479419
272.144129,163.480446,10.000000,13.585227
271.011795,162.843821,10.000000,13.392134
271.732154,163.088191,10.000000,12.607106
271.665715,162.987921,10.000000,12.666858
270.685578,163.214046,10.000000,12.666859
271.227364,161.576292,10.000000,13.330360
271.710285,161.702814,10.000000,12.668273
271.371182,161.898279,10.000000,12.914211
271.854958,161.847912,10.000000,13.371214
271.483323,161.375696,10.000000,13.384292
272.333375,160.424580,10.000000,12.974887
273.317878,160.424177,10.000000,13.263798
272.758884,159.628922,10.000000,12.968935
272.151116,160.216744,10.000000,12.930819
271.847241,159.810865,10.000000,12.772122
270.937568,160.220498,10.000000,12.859632
271.179637,159.708918,10.000000,12.679071
270.995774,159.914592,10.000000,12.968178
270.932494,159.787964,10.000000,13.148870
268.611587,160.202599,10.000000,13.077070
267.428858,159.744139,10.000000,12.604895
270.242350,158.447771,10.000000,12.967663
273.448198,157.999596,10.000000,12.954680
274.024386,158.248740,10.000000,13.207364
271.336165,158.099254,10.000000,12.718076
272.895527,158.140858,10.000000,13.221533
274.291329,156.296227,10.000000,13.260801
274.895134,156.854024,10.000000,13.380242
275.805627,156.173649,10.000000,13.533977
277.655683,156.076505,10.000000,13.212879
277.778577,154.517016,10.000000,13.380568
277.829252,154.492517,10.000000,13.471978
278.109982,154.635191,10.000000,12.837558
278.006301,154.833099,10.000000,12.709805
277.716677,154.805997,10.000000,12.616266
278.235140,154.505637,10.000000,12.369561
276.613954,154.660604,10.000000,13.296369
276.397540,154.034059,10.000000,13.457383
276.575172,153.895079,10.000000,13.548750
277.531349,153.839016,10.000000,13.076572
277.997010,153.615009,10.000000,13.602344
280.318959,152.682284,10.000000,12.996107
280.929069,152.714471,10.000000,13.076927
279.682982,152.757043,10.000000,13.028261
278.987244,152.383792,10.000000,13.320020
277.682339,151.934930,10.000000,13.425756
277.475916,152.091228,10.000000,13.057248
278.546231,150.930230,10.000000,13.575258
277.063076,151.227451,10.000000,13.694599
276.096065,151.171251,10.000000,13.392715
277.437822,151.074664,10.000000,13.902520
279.089193,150.764165,10.000000,12.908177
278.328405,151.544097,10.000000,12.237447
278.265943,151.093055,10.000000,12.765340
278.503710,151.675037,10.000000,12.360482
277.832050,151.055869,10.000000,12.677671
277.932444,150.872637,10.000000,12.565898
278.494031,149.618739,10.000000,12.521482
279.115639,150.222464,10.000000,12.778701
278.676209,149.230474,10.000000,13.096513
278.137372,149.716277,10.000000,12.028204
279.180502,148.484811,10.000000,13.003838
278.982356,148.607822,10.000000,13.070023
275.863400,149.316309,10.000000,12.787425
272.183248,149.307247,10.000000,12.865498
269.252758,149.941840,10.000000,12.293932
264.558737,150.173029,10.000000,13.138966
259.056541,151.529696,10.000000,11.745898
254.525520,152.788033,10.000000,12.055666
248.825332,152.566435,10.000000,11.587053
243.726958,154.335914,10.000000,11.321671
238.818702,153.846521,10.000000,11.706828
233.938554,153.404591,10.000000,11.736140
231.246909,154.698945,10.000000,10.944170
228.451662,154.351794,10.000000,11.517007
225.028351,153.453763,10.000000,11.854695
223.866332,154.626962,10.000000,12.110966
226.049086,154.273080,10.000000,12.274860
230.055536,157.157554,10.000000,12.166913
228.583564,156.765713,10.000000,12.716387
225.839446,158.103294,10.000000,11.802193
224.080205,157.754636,10.000000,12.043859
220.388294,158.140269,10.000000,12.431822
217.264376,157.763231,10.000000,12.149638
213.664655,158.318457,10.000000,12.701490
208.449702,158.380450,10.000000,13.031465
205.069919,158.928761,10.000000,12.563074
201.877241,158.931329,10.000000,12.478539
201.678932,158.531013,10.000000,13.155797
199.080360,157.973780,10.000000,14.056871
198.700416,159.052618,10.000000,12.120148
198.535492,157.995217,10.000000,11.747327
195.863032,159.299560,10.000000,12.881509
194.984983,158.842268,10.000000,11.677005
195.912154,158.925692,10.000000,11.841276
195.610654,158.563127,10.000000,12.104950
195.246623,159.242774,10.000000,12.058603
195.031603,158.767045,10.000000,12.033442
194.861994,158.432335,10.000000,11.295994
195.447749,157.728253,10.000000,11.865165
195.468007,157.903495,10.000000,11.465992
193.673540,158.782429,10.000000,11.344863
190.770118,160.347731,10.000000,10.958300
189.453213,160.302240,10.000000,11.069312
189.353753,161.153745,10.000000,10.902047
189.792988,159.962313,10.000000,11.245916
189.607373,159.890503,10.000000,11.680316
188.884722,161.114795,10.000000,10.502609
189.354304,162.283171,10.000000,10.420588
188.105736,161.963254,10.000000,11.332002
188.145360,161.901187,10.000000,11.883436
188.583765,161.555945,10.000000,11.704527
188.777990,162.661158,10.000000,11.578173
189.197289,163.383792,10.000000,11.249123
188.263812,161.996945,10.000000,11.483599
188.094100,163.147140,10.000000,11.096059
186.930517,162.925067,10.000000,11.937268
187.258514,162.926728,10.000000,11.868424
187.559483,162.850224,10.000000,12.130843
187.493430,163.082308,10.000000,11.614032
187.918401,162.302743,10.000000,12.120398
188.108934,161.962434,10.000000,11.916023
187.011806,162.071977,10.000000,12.431683
186.970283,161.693328,10.000000,11.707570
186.020280,161.489918,10.000000,12.620241
185.619218,162.205479,10.000000,12.734324
185.016689,160.894052,10.000000,12.809472
183.621695,162.048215,10.000000,13.004006
181.430259,161.270962,10.000000,13.269698
180.859841,162.131004,10.000000,12.991379
178.621787,161.390689,10.000000,12.528352
177.422102,161.924048,10.000000,13.100608
174.484773,162.261046,10.000000,12.360465
170.527365,161.872207,10.000000,13.338455
168.277618,162.039197,10.000000,13.108068
166.887347,161.436513,10.000000,13.159600
165.044599,161.849225,10.000000,11.678105
163.754249,161.706893,10.000000,12.436502
161.260469,163.192922,10.000000,11.109090
160.737587,162.790384,10.000000,11.327739
161.371870,161.729411,10.000000,11.675989
162.268083,160.678636,10.000000,12.082146
162.825630,160.545373,10.000000,12.032090
163.756359,160.416056,10.000000,11.665312
165.164058,160.719828,10.000000,11.882457
166.615154,159.811584,10.000000,11.789041
164.996394,159.661073,10.000000,11.943092
161.424066,160.534697,10.000000,11.717555
160.672731,161.309586,10.000000,11.644504
161.580516,160.498685,10.000000,11.898344
162.230040,160.322387,10.000000,11.966496
163.509394,160.048423,10.000000,11.775659
164.750759,158.621469,10.000000,11.501225
168.881345,157.626861,10.000000,11.529766
168.443072,157.603770,10.000000,11.789609
167.414205,158.255991,10.000000,11.511692
166.548445,157.078616,10.000000,11.748292
167.016784,157.068482,10.000000,12.125539
166.328334,156.447424,10.000000,11.935738
165.568819,157.327802,10.000000,11.906320
164.053467,157.478316,10.000000,12.527062
166.371600,156.640014,10.000000,12.092065
168.561944,155.424079,10.000000,11.582383
164.452424,156.757423,10.000000,12.205310
163.201064,156.976091,10.000000,12.487602
166.823281,155.317636,10.000000,12.618874
173.729765,154.438884,10.000000,11.831570
173.414680,154.434497,10.000000,11.661759
168.648575,155.057010,10.000000,12.072274
166.416775,155.295738,10.000000,12.243506
169.010796,154.478837,10.000000,11.894594
171.045899,154.394819,10.000000,11.433678
167.207973,154.273967,10.000000,12.038940
165.257304,155.812668,10.000000,11.878234
167.640796,154.300602,10.000000,11.881180
167.326671,154.038453,10.000000,11.867875
165.306468,154.783548,10.000000,11.634170
164.921787,154.426222,10.000000,11.423071
167.700902,152.795051,10.000000,12.088799
168.350258,152.788076,10.000000,12.015961
165.926269,153.361168,10.000000,11.798152
165.008644,153.780338,10.000000,11.791786
167.411883,152.530520,10.000000,12.024371
166.645816,152.546304,10.000000,11.420537
160.643107,146.214483,14.704844,22.317299
168.075510,151.468006,10.000000,12.456738
168.894930,151.855403,10.000000,11.785177
169.350500,150.816097,10.000000,11.768672
170.256447,150.665751,10.000000,11.876597
169.657518,150.740235,10.000000,11.691473
168.918419,150.484137,10.000000,11.541258
166.597129,150.871561,10.000000,11.731533
168.790214,150.519920,10.000000,11.461829
170.371941,149.944396,10.000000,11.267129
168.008671,150.270252,10.000000,11.296432
165.677520,151.335572,10.000000,11.556952
165.937803,150.785239,10.000000,11.528070
170.265572,148.989769,10.000000,11.664375
170.104350,148.762489,10.000000,11.340072
166.162217,149.650416,10.000000,11.703119
164.638545,149.344575,10.000000,11.090460
167.594204,149.092784,10.000000,11.494000
168.957688,148.944677,10.000000,11.208942
168.816220,148.608500,10.000000,11.287574
165.053619,148.984775,10.000000,11.061836
165.469392,148.880774,10.000000,11.671167
166.375306,148.457700,10.000000,11.845174
165.555537,149.270124,10.000000,11.504055
165.145967,148.565774,10.000000,11.392977
165.668162,148.504191,10.000000,11.492640
167.310837,147.868077,10.000000,11.415326
167.648133,147.810876,10.000000,11.550722
169.035037,147.311015,10.000000,11.332708
167.968642,147.167930,10.000000,11.819805
168.130533,146.695887,10.000000,11.440276
166.505843,146.703985,10.000000,11.345482
164.403927,146.882948,10.000000,11.652607
162.673784,147.325718,10.000000,11.452788
163.566159,146.702685,10.000000,11.351046
166.629601,145.801971,10.000000,11.511731
166.500607,145.897892,10.000000,11.624450
165.372699,145.866205,10.000000,11.161045
164.914168,145.894713,10.000000,11.443953
164.922162,145.893636,10.000000,11.099210
166.379033,145.355376,10.000000,11.117476
166.595244,145.205675,10.000000,11.616656
167.206950,144.555020,10.000000,11.225610
167.525507,144.147265,10.000000,11.086866
167.178855,144.020304,10.000000,11.769393
168.015151,143.661976,10.000000,11.395082
168.123474,143.353909,10.000000,11.210322
168.006425,143.448826,10.000000,11.769507
168.432174,143.161737,10.000000,11.615407
169.564433,142.685019,10.000000,11.163692
169.739511,142.340583,10.000000,10.838201
170.420727,141.787494,10.000000,11.432000
169.121945,142.651357,10.000000,11.561028
168.802982,142.896548,10.000000,11.245221
169.553686,142.067403,10.000000,11.225971
170.504996,141.969774,10.000000,10.703712
170.997186,141.361624,10.000000,11.391474
171.689450,140.570016,10.000000,11.067883
170.985448,140.484562,10.000000,10.814590
170.943814,140.677982,10.000000,11.182827
171.492034,140.559929,10.000000,10.685264
171.122229,140.506464,10.000000,11.083675
170.066312,139.975047,10.000000,10.986524
170.821676,140.529926,10.000000,11.297381
170.602425,139.569071,10.000000,11.034399
169.894316,139.569777,10.000000,10.632109
169.978664,139.853719,10.000000,10.946690
169.583754,140.407557,10.000000,10.553793
167.872566,139.682372,10.000000,10.611035
168.414684,139.551939,10.000000,11.152598
168.969433,138.635067,10.000000,10.870898
168.684378,139.032003,10.000000,10.763577
168.389673,139.493155,10.000000,10.637443
168.830662,138.771387,10.000000,10.526393
167.861405,139.091522,10.000000,10.387794
167.634410,138.810130,10.000000,10.394186
167.141581,138.463773,10.000000,10.098011
166.539456,138.927326,10.000000,10.129238
166.640686,139.144531,10.000000,10.910168
165.539436,138.129568,10.000000,10.147335
166.440062,138.101970,10.000000,10.298649
165.208925,138.081220,10.000000,10.323792
164.441914,137.919660,10.000000,10.498258
164.353342,137.922512,10.000000,10.352642
162.978141,138.097447,10.000000,10.415830
163.554586,138.148059,10.000000,10.000000
162.705124,138.254039,10.000000,10.000000
162.771556,138.233235,10.000000,10.000000
163.173524,138.021337,10.000000,10.000000
163.689773,137.741547,10.000000,10.000000
163.080339,137.411058,10.000000,10.000000
162.560944,137.477021,10.000000,10.033799
162.469583,137.207759,10.000000,10.000000
162.661433,137.270280,10.000000,10.000000
157.694167,135.538208,12.081780,11.827326
153.800890,128.617643,10.000000,11.916460
153.850854,127.145550,10.000000,14.218681
153.928591,126.084805,10.000000,16.610332
160.927909,137.453672,10.000000,10.000000
161.054813,137.271495,10.000000,10.000000
160.885400,137.024701,10.000000,10.000000
