2.600000,114.800000,28.600000,10.200000
4.841418,114.568346,28.038284,10.555474
6.970433,114.439532,27.708424,10.587502
8.316590,114.575335,27.977100,10.344559
9.436633,114.633330,27.896187,10.323784
12.184020,114.014563,27.796019,10.356896
13.260138,114.410796,28.381828,10.239905
15.280249,113.948095,27.989853,10.425187
16.749571,113.589396,28.049179,10.373794
19.192748,114.235226,28.195929,10.229558
20.531950,114.391525,28.298164,10.168234
22.172810,114.476601,28.197239,10.138157
25.036853,113.417887,27.862532,10.382942
27.817818,113.947199,28.047306,10.246751
28.957062,113.880788,28.121792,10.261560
31.763442,113.726324,27.541464,10.353104
33.405301,113.389819,26.443653,10.455939
36.419736,113.537436,25.151735,10.348640
38.870978,113.579302,23.812805,10.197549
40.963593,113.529278,22.241673,10.075822
43.171821,112.826572,21.359457,10.224576
44.629007,113.131392,20.287222,10.225066
46.372683,113.308682,19.015987,10.097415
48.561364,113.508913,18.052826,10.081525
50.344235,112.731593,17.092297,10.000000
53.099656,113.520224,16.317112,10.000000
55.144832,112.895475,13.721361,10.000000
56.524775,113.873869,12.767245,10.000000
59.059435,113.702633,11.377010,10.000000
61.105273,113.861864,10.000000,10.000000
62.802522,113.776569,10.118412,10.000000
65.242021,114.085120,11.900690,10.000000
66.314959,112.834772,26.424759,10.368823
81.922516,113.061587,13.482672,10.000000
82.274534,112.725101,14.186056,10.000000
82.714898,113.482317,14.331898,10.000000
82.565370,113.959709,14.266386,10.000000
83.020332,113.462538,13.966693,10.000000
82.939877,112.269522,14.100675,10.000000
83.790319,113.248899,13.955256,10.000000
83.422150,113.529009,14.258970,10.000000
83.453072,113.156508,14.728916,10.000000
85.166066,113.255886,13.811311,10.000000
85.455601,114.372908,13.069769,10.000000
86.895786,114.227120,12.473330,10.000000
88.277857,113.792221,10.456633,10.000000
89.861095,115.329573,10.000000,10.000000
90.044132,112.599408,11.296548,10.000000
85.415971,99.562195,28.416178,13.540751
85.259184,99.195192,32.018654,13.930533
86.110783,99.107569,33.235401,14.675818
87.313674,97.961554,31.593451,16.953619
86.035996,100.000159,23.988245,15.471647
87.437880,99.267609,23.742193,16.475710
87.945909,98.848054,23.033829,16.857582
87.519079,98.881134,29.799706,17.100794
87.520099,99.366377,21.763411,16.830915
86.488726,101.675215,18.503448,15.042464
86.890500,103.103165,14.505708,13.119884
85.814499,103.382965,15.689217,12.526756
85.253159,105.684323,14.791194,10.992250
83.839862,105.701243,17.495924,10.636568
83.451490,104.991012,18.832726,10.425780
82.228488,104.961028,16.962812,10.000000
81.239089,106.101252,15.387251,10.000000
80.197264,105.363809,16.126694,10.000000
79.344451,104.099699,16.954870,10.596995
78.448654,105.034010,16.103062,10.096305
77.219763,103.630723,16.482540,10.699433
77.518110,102.769761,17.178856,11.225052
76.270921,104.747200,16.878656,10.000000
75.402804,103.793537,17.102732,10.082887
75.386248,103.427506,16.303789,11.076613
73.604201,103.988394,13.207892,10.297039
73.216055,104.060712,13.616062,10.000000
72.500581,103.604483,16.453627,10.000000
72.225893,102.961367,16.324200,10.637863
71.640174,103.208477,15.865210,10.586296
71.255855,103.246724,14.829830,10.119750
70.329471,103.638433,15.729096,10.522553
69.358235,102.428344,16.031160,11.268160
68.392045,99.960943,16.934843,13.559387
67.899687,98.878279,16.230595,14.629386
67.061279,98.342529,15.840909,14.938000
67.537979,99.320193,14.960340,13.469855
66.417805,99.251064,15.410518,12.725080
65.423408,98.907869,15.620964,13.925159
65.938461,99.465984,14.625153,13.355142
66.464785,100.128716,14.653587,12.313457
64.848342,99.993113,14.554758,12.302446
65.785709,99.576332,14.689884,11.976132
64.521701,98.323166,14.727696,12.859867
63.670355,98.381920,14.794025,12.536385
62.803371,98.441622,14.274311,12.996760
63.523449,99.237078,14.025847,10.757743
62.029602,97.751030,14.349456,12.964500
62.467592,97.687739,14.106152,13.086100
62.656179,97.549989,14.028812,12.915910
61.193121,96.548729,15.492146,13.886409
62.375491,96.994972,13.990020,13.037473
61.391351,97.064472,13.988749,11.669460
61.464645,95.799071,15.602432,13.267905
61.485253,95.201796,15.128825,14.723414
61.839406,95.406456,13.123758,13.016799
61.633195,95.842736,13.175439,13.577590
61.809395,95.034256,12.497601,13.154099
61.164888,94.429716,12.650304,13.313529
61.876602,94.464722,12.069462,13.474360
61.257915,94.173730,11.595685,13.411627
61.075799,93.759950,11.585199,13.285401
61.393682,94.029805,10.772450,13.349249
61.210500,93.100011,10.677954,13.308915
61.068707,92.731896,10.369951,13.228857
61.348315,92.848723,10.274439,12.964880
62.266142,92.308166,10.008152,13.246056
62.197682,92.596671,10.000000,13.173037
63.174807,92.164761,10.000000,13.050006
63.524262,91.408956,10.000000,13.119199
63.868220,91.703520,10.000000,12.739814
64.392267,91.643515,10.000000,12.644980
65.088041,92.123050,10.000000,12.275643
64.841596,90.942043,10.000000,12.340062
66.773803,89.908545,10.000000,12.849872
67.091825,90.696987,10.000000,12.655453
66.857392,90.440956,10.000000,12.019428
68.705366,90.976594,10.000000,11.648466
69.195416,89.122092,10.000000,12.727930
70.958483,90.409933,10.000000,11.647105
71.219429,88.685694,10.287299,12.741119
72.582767,88.732000,10.000000,12.060128
71.847556,88.338207,10.000000,11.783855
72.936175,87.839726,10.000000,12.485671
73.220448,86.838417,10.544231,12.489604
73.657177,87.601663,10.660826,11.983381
74.459097,86.208002,10.285418,12.455285
74.027354,86.975799,10.000000,12.311193
74.491644,85.971672,10.169019,11.994133
75.604144,86.584667,10.024910,11.972054
75.511569,84.936950,10.143150,12.620637
75.954582,85.727747,10.454363,12.255290
77.300522,85.590500,10.126348,11.405457
77.852014,85.036546,10.000000,11.649945
78.873663,84.952916,10.278904,11.297239
79.757021,84.126135,10.463435,11.583252
81.169078,84.493805,10.518071,11.534785
81.376741,83.087115,11.695442,12.116167
82.727531,83.586108,10.286130,11.525882
83.774544,83.673577,10.211830,11.270408
85.056925,83.266806,10.352333,10.774818
85.649260,83.154516,10.000000,10.861160
87.052365,82.443651,10.000000,10.741299
88.052728,82.433745,10.251483,10.541941
89.445631,82.310823,10.000000,10.353494
89.929374,81.851756,10.488661,10.636900
90.889974,81.053253,12.409745,10.922615
91.570906,81.527840,11.440135,10.404587
93.561357,80.833909,11.242284,10.452229
93.891743,80.753650,11.959838,10.441461
95.449876,79.868731,18.416174,11.475718
94.966673,79.854998,14.075393,11.095298
96.779776,77.593073,26.004272,13.950798
92.895109,69.426827,32.989426,23.205400
84.148823,55.197315,13.603275,10.237271
84.897122,56.980369,11.881758,10.000000
85.037549,55.911312,12.729600,10.709213
84.571482,56.663745,12.313568,10.000000
85.225351,56.751222,12.782379,10.000000
84.030503,57.666193,11.212969,10.000000
84.235144,56.915578,11.376156,10.266471
83.962226,57.382618,11.012186,10.000000
82.638666,56.938961,12.001550,10.135441
80.225051,55.698810,12.226666,10.738914
80.922236,57.750666,11.399257,10.000000
82.399800,58.454613,10.051326,10.000000
82.982400,58.075861,10.508390,10.000000
82.805477,57.654800,10.639871,10.000000
82.596921,56.997313,10.979974,10.000000
82.607730,57.434260,10.550801,10.000000
82.391297,57.739549,10.275336,10.000000
82.584113,58.090685,10.766863,10.000000
82.459253,57.493850,10.000000,10.000000
82.711111,57.745258,10.211637,10.000000
82.696780,57.658271,10.724309,10.000000
82.336234,57.163129,10.718420,10.000000
81.866066,57.091638,10.230388,10.000000
81.884742,57.022805,10.987091,10.000000
77.549103,55.251941,12.717531,11.370876
76.567359,57.604325,13.052251,10.000000
77.407687,56.849526,11.187631,10.000000
77.518147,56.673825,11.713819,10.048663
79.238619,56.068147,11.628061,10.000000
79.958411,56.647721,11.910051,10.000000
78.835079,55.445033,11.513152,10.000000
79.323103,56.060978,11.480566,10.000000
79.821522,55.657821,10.835799,10.000000
79.753874,55.870223,10.208323,10.000000
80.215108,57.014380,11.084561,10.000000
80.212963,55.265022,11.318203,10.081762
80.669476,55.928498,11.897183,10.000000
79.350644,55.753728,11.852444,10.000000
80.216790,55.850997,12.002412,10.000000
