219.800000,0.600000,6.600000,6.800000
219.130571,0.751393,10.000000,10.000000
219.544825,0.825159,10.000000,10.000000
218.764053,1.038969,10.000000,10.000000
219.544526,2.165434,10.000000,10.000000
219.815123,2.425230,10.000000,10.000000
219.895643,2.915652,10.000000,10.000000
220.059222,2.845984,10.000000,10.000000
220.457343,2.983122,10.000000,10.000000
220.335549,3.119576,10.000000,10.000000
220.420719,3.531003,10.000000,10.000000
221.056335,3.682029,10.000000,10.000000
221.072712,4.638910,10.000000,10.000000
221.145272,4.863370,10.000000,10.000000
221.294093,5.196323,10.000000,10.000000
221.441722,6.343237,10.000000,10.000000
220.617867,6.449375,10.000000,10.000000
220.221988,6.128799,10.000000,10.000000
220.839404,5.746727,10.000000,10.000000
220.571233,5.944232,10.000000,10.000000
220.263669,6.658518,10.000000,10.000000
220.992724,6.958196,10.000000,10.000000
219.300330,7.591400,10.000000,10.000000
218.294076,7.757236,10.000000,10.000000
215.860523,8.166435,10.000000,10.000000
214.521000,9.167572,10.000000,10.000000
212.544934,9.405143,10.000000,10.000000
211.897969,10.334789,10.000000,10.000000
209.870556,10.428041,10.000000,10.000000
206.783878,10.543420,10.000000,10.000000
204.810425,9.692236,10.000000,10.000000
203.960368,9.947426,10.000000,10.000000
203.588952,10.516292,10.000000,10.000000
203.232139,10.788601,10.000000,10.000000
204.102598,11.465542,10.000000,10.000000
204.295619,12.863345,10.000000,10.000000
205.477910,12.950702,10.000000,10.000000
205.749865,13.645905,10.000000,10.000000
205.245436,13.750846,10.000000,10.000000
206.365985,14.189512,10.000000,10.000000
206.074229,14.965061,10.000000,10.000000
205.471803,15.181516,10.000000,10.000000
205.912309,15.574878,10.000000,10.000000
205.989915,15.279790,10.000000,10.000000
206.693777,16.597088,10.000000,10.000000
206.749202,16.000712,10.000000,10.000000
207.838397,17.214987,10.000000,10.000000
208.178983,17.701863,10.000000,10.000000
208.668979,17.990307,10.000000,10.000000
208.357547,18.653881,10.000000,10.000000
209.212665,18.960631,10.000000,10.000000
209.411844,19.493098,10.000000,10.000000
210.208674,20.848420,10.000000,10.000000
210.440095,21.001927,10.000000,10.000000
211.221694,21.579015,10.000000,10.000000
211.450017,21.953885,10.000000,10.000000
212.151659,22.520024,10.000000,10.000000
212.538383,22.626444,10.000000,10.000000
212.580666,22.855370,10.000000,10.000000
213.163469,23.509968,10.000000,10.000000
214.995869,23.873713,10.000000,10.000000
215.748855,25.132560,10.000000,10.000000
216.442083,25.547691,10.000000,10.000000
218.282496,25.881266,10.000000,10.000000
218.848402,26.191085,10.000000,10.000000
219.265800,27.454155,10.000000,10.000000
220.509829,27.816193,10.000000,10.000000
220.232389,27.786379,10.000000,10.000000
221.461766,28.051168,10.000000,10.000000
222.113081,28.817984,10.000000,10.000000
222.313166,29.087940,10.000000,10.000000
222.784357,29.945670,10.000000,10.000000
222.638411,30.257879,10.000000,10.000000
222.790600,30.936306,10.000000,10.000000
223.186723,31.126701,10.000000,10.000000
223.679375,31.510973,10.000000,10.000000
223.558344,31.458640,10.000000,10.000000
223.666355,32.981308,10.000000,10.000000
224.169303,32.741339,10.000000,10.000000
224.756990,32.991245,10.000000,10.000000
224.632117,33.425544,10.000000,10.000000
224.443046,34.015919,10.000000,10.000000
225.267273,34.078113,10.000000,10.000000
225.036710,34.234948,10.000000,10.000000
224.851412,34.667586,10.000000,10.000000
224.922476,34.773593,10.000000,10.000000
224.975561,35.099108,10.000000,10.000000
224.949666,35.489879,10.000000,10.000000
225.128225,36.592020,10.000000,10.000000
225.388467,36.290058,10.000000,10.000000
225.837182,38.472574,10.000000,10.000000
225.186873,39.035243,10.000000,10.000000
225.712554,39.356933,10.000000,10.000000
225.409723,39.813112,10.000000,10.000000
225.983425,39.681007,10.000000,10.000000
225.843075,39.906988,10.000000,10.000000
225.874688,40.004338,10.000000,10.000000
225.701659,40.394925,10.000000,10.000000
225.588812,41.180790,10.000000,10.000000
225.476833,40.872675,10.000000,10.000000
226.207754,41.214061,10.000000,10.000000
225.797847,41.652695,10.000000,10.000000
225.269704,41.426357,10.000000,10.000000
225.521524,42.771736,10.000000,10.000000
224.906527,42.150136,10.000000,10.000000
225.647924,43.187739,10.000000,10.000000
225.267140,43.587348,10.000000,10.000000
225.903166,43.258097,10.000000,10.000000
225.659094,44.462290,10.000000,10.000000
225.370091,44.935957,10.000000,10.000000
225.828685,44.991484,10.000000,10.000000
225.660508,45.393205,10.000000,10.000000
225.640761,46.498561,10.000000,10.000000
225.434766,46.864606,10.000000,10.091609
225.764807,47.267391,10.000000,10.000000
225.971861,47.539960,10.000000,10.000141
227.015429,47.558845,10.000000,10.117477
226.223823,48.236915,10.000000,10.005943
226.488156,47.989576,10.000000,10.263633
227.283845,48.495810,10.000000,10.190219
227.089856,49.428813,10.000000,10.327919
226.728067,49.965391,10.000000,10.369082
227.412098,49.934785,10.000000,10.231834
227.201729,50.401071,10.000000,10.408089
226.502942,51.413999,10.000000,10.437593
226.618642,52.284935,10.000000,10.456980
226.743749,52.435308,10.000000,10.626369
226.501320,52.950638,10.000000,10.329679
227.288809,53.241930,10.000000,10.456051
226.795015,54.161128,10.000000,10.598168
226.584118,54.915456,10.000000,10.763494
226.281539,55.317338,10.000000,10.485909
226.074766,55.469255,10.000000,10.325168
225.823631,55.555616,10.000000,10.672778
225.922186,55.684649,10.000000,10.204299
226.714828,56.512001,10.000000,10.579490
226.608028,56.397408,10.000000,10.478019
227.022652,56.868391,10.000000,10.855690
226.855238,57.402607,10.000000,10.538488
227.231531,57.145047,10.000000,10.078469
227.068876,57.156902,10.000000,10.816212
227.220808,57.269609,10.000000,10.638412
227.748555,57.016864,10.000000,10.432610
228.170581,57.082746,10.000000,10.819859
227.993032,57.836814,10.000000,11.254307
228.417169,57.258143,10.000000,10.811193
228.618508,56.993634,10.000000,11.026391
228.193446,58.214898,10.000000,10.849802
228.291246,58.068234,10.000000,10.987172
228.342592,58.233052,10.000000,10.867410
228.361059,58.826820,10.000000,11.356093
227.949332,59.450690,10.000000,11.391324
228.578769,60.110546,10.000000,10.202704
228.108668,59.962628,10.000000,11.331228
227.472554,60.786211,10.000000,11.333712
228.070941,61.206708,10.000000,10.982514
228.101988,61.060672,10.000000,11.025037
227.356649,61.458210,10.000000,11.394442
227.905032,61.688318,10.000000,10.675693
228.242522,62.242876,10.000000,10.149444
228.148836,61.745652,10.000000,10.555162
228.504167,62.193078,10.000000,10.280485
228.614795,61.204563,10.000000,11.094008
228.633761,61.485780,10.015676,11.204537
228.996905,61.321598,10.000000,10.781185
228.856352,60.977154,10.000000,11.102233
229.514803,61.444856,10.000000,10.987000
228.541020,61.346802,10.000000,11.400164
228.942898,61.149488,10.000000,11.065056
229.819488,61.531987,10.000000,11.416234
229.600828,61.421607,10.000000,11.474145
229.484166,61.665066,10.000000,11.153029
229.299902,61.429964,10.000000,11.484577
229.003758,61.546940,10.000000,11.516386
228.650688,62.024910,10.000000,11.536201
229.453719,62.519926,10.000000,11.896244
229.432898,63.263834,10.000000,11.681968
229.076567,63.392899,10.024277,11.986738
228.601720,64.464253,10.000000,11.897420
228.216178,65.492085,10.000000,11.667315
229.045243,66.381568,10.000000,11.657231
229.063060,67.179769,10.000000,11.721951
229.085747,67.657302,10.000000,11.983757
229.031193,68.147803,10.024125,12.076281
228.745493,69.105947,10.000000,12.104217
229.566320,69.834730,10.000000,12.167286
229.371429,71.491789,10.000000,12.356073
229.193357,72.105734,10.000000,12.432253
229.215871,72.221745,10.000000,12.433969
229.049539,73.028167,10.025428,12.639771
229.214684,74.422789,10.235318,12.411139
229.532803,74.430489,10.239820,12.680713
228.990510,74.842937,10.081364,12.889999
229.164892,76.220839,10.208517,12.747062
229.449378,76.527663,10.251376,12.563566
228.761430,76.714375,10.056633,12.981347
229.286593,78.277978,10.262589,12.412297
230.218409,79.279608,10.000000,11.610835
229.688477,80.584396,10.127404,10.460278
229.411618,80.387824,10.041123,10.662076
230.132247,80.574057,10.006297,10.671073
229.792483,80.649014,10.268391,11.156915
230.251272,81.174854,10.107146,10.721294
230.337359,81.998015,10.218793,10.151278
229.993989,82.202228,10.085483,10.675289
230.338317,81.712061,10.260609,11.165174
230.258361,82.708904,10.235927,11.065814
230.339829,83.800242,10.240544,10.402121
230.777583,83.282136,10.355849,12.028626
230.655447,84.564775,10.275830,10.817677
230.577175,85.342476,10.506169,11.725665
231.231520,85.119501,10.392519,11.910831
230.645098,86.145443,10.313784,12.159934
230.811556,87.287578,10.408106,12.551457
230.171828,88.173163,10.389244,12.754694
230.130324,89.378772,10.520718,13.025018
230.476082,90.867990,10.573523,12.447354
230.046676,90.200161,10.874422,13.176517
231.221939,90.198840,10.636419,12.990137
230.449284,90.295282,10.817665,12.842013
230.904559,90.311237,10.711028,13.019463
231.324309,91.139348,10.709180,12.753576
231.163814,91.613894,10.781778,12.922792
230.514829,91.660693,10.844116,12.855322
230.941803,91.582629,10.969862,13.027357
231.818280,92.751248,10.953176,12.221785
231.637612,91.868977,10.930116,13.240557
231.738075,93.704323,11.043513,11.267111
231.826271,92.088292,10.864404,12.424134
232.014542,91.354541,11.294950,13.152706
232.337348,91.469294,11.634430,14.216150
232.326175,90.279309,11.579154,14.005339
231.498295,90.358182,11.896944,14.014455
233.263154,92.136775,11.354042,12.260952
232.413671,90.198185,11.789207,13.641985
231.769446,88.440368,12.847950,14.465561
232.942969,89.621799,11.820889,13.036775
233.045324,88.150072,13.028444,13.663303
232.848298,86.341542,13.594593,14.362985
233.096089,84.819416,14.048581,14.541168
234.061993,85.323198,13.593847,13.459297
234.198815,83.763860,13.397031,13.480877
234.486307,83.268301,12.608500,12.652526
236.113842,84.515535,11.500745,10.736804
235.957084,81.138845,12.178104,13.510887
235.617943,80.122652,12.419938,13.015358
236.998653,80.050403,10.979010,12.561207
238.435276,84.708258,10.000000,10.000000
238.883340,83.874035,10.000000,10.000000
238.075775,82.748578,10.050241,10.000000
237.831473,82.479855,10.151544,10.000000
238.236188,81.975609,10.594238,10.000000
236.808934,81.675881,11.003419,10.162539
236.586212,81.385323,11.220149,10.333045
236.898048,80.706660,11.644164,10.211020
236.614958,80.656959,11.656958,10.380429
236.284184,80.272794,12.421834,11.171018
236.487021,78.833477,12.967072,11.737900
235.648206,78.260736,13.603950,11.874860
235.356633,77.651283,14.379421,12.456345
235.024819,77.224773,14.903607,12.942269
235.301856,76.364905,15.971099,13.371172
234.594555,75.854569,16.329996,13.725383
234.390579,75.690003,17.146391,13.868380
235.140919,75.681274,17.209990,13.536355
234.024229,75.577980,18.531080,14.177445
234.336239,75.109653,19.114161,14.500643
235.522463,74.612350,19.550299,14.360476
235.777645,74.186782,19.800806,14.347170
235.538763,74.714975,20.015944,14.250966
236.105360,74.201876,20.266119,14.228145
237.655996,74.659527,20.362600,14.131523
237.264362,74.240973,21.011896,14.177774
237.944155,74.707798,20.888601,13.945724
238.095080,74.384465,21.452236,14.249777
237.553777,73.553161,21.918365,14.377076
236.599556,73.631009,22.246065,14.334829
235.506444,73.405922,22.310570,14.196464
233.530415,73.222271,22.947960,13.908760
232.023858,74.065052,22.626839,13.665016
229.662130,74.530066,23.097219,13.746447
228.296608,74.634457,23.482302,14.034247
225.423632,74.980598,23.628475,13.620797
223.917717,74.889080,23.595659,13.881242
221.913469,76.091367,24.017126,13.480566
220.288843,76.055676,23.839666,13.446218
218.844753,76.257017,24.369158,13.488499
216.642763,76.799651,24.250967,13.145967
215.546561,77.629758,24.579716,13.182202
215.936001,77.678221,23.938120,13.045071
215.652587,77.709814,24.643009,13.314701
215.650823,78.089913,24.901129,13.141410
213.781422,79.056843,25.163086,12.693909
213.618199,79.322591,25.687927,12.873090
212.322437,79.238960,25.650454,13.120331
211.542349,79.006829,24.858206,13.214644
210.971466,79.802284,24.858675,12.526147
209.963460,79.421408,24.476219,12.651324
210.001599,80.504352,26.149445,12.435822
210.292935,80.529660,25.651344,12.770850
210.941866,80.942036,25.682089,12.745583
212.037786,80.714024,23.793943,12.385299
212.850126,81.727774,23.763922,12.047397
212.224839,81.186749,23.290375,12.039702
212.762033,81.607162,22.998365,11.809977
212.474946,81.980330,23.160538,11.530101
212.237119,82.775478,23.366676,11.110474
212.761093,83.254728,22.063158,11.195783
212.826050,84.368583,20.468573,10.697938
212.488060,84.530667,20.171278,10.720457
212.119442,85.653244,20.262793,10.369187
211.058369,85.860548,19.642143,10.626170
209.318029,86.525723,20.770414,10.694267
208.238172,86.878407,20.293585,10.308880
206.933072,86.881524,22.797604,11.184515
205.341872,86.822881,26.401802,11.126382
205.109794,85.076595,26.736519,12.410755
205.874140,84.494934,28.029848,12.156461
224.695410,81.299636,19.370096,11.384367
223.808379,81.281081,19.219994,11.605715
219.558565,80.709852,24.076269,12.716324
212.214749,81.003662,25.526043,12.699093
211.584182,80.394379,27.564529,11.920848
211.623756,80.321589,22.967062,11.876563
207.765699,80.108551,25.849436,12.414104
207.484693,81.097249,20.768297,11.535006
203.996042,80.914368,23.978689,11.317955
204.641722,80.597376,21.304892,11.258396
197.026152,81.720665,24.054985,10.873595
195.599862,80.862836,24.725674,11.129652
195.353731,81.390680,22.863672,11.959461
193.536075,80.774684,23.177984,12.509150
189.235426,80.318155,26.204412,11.695752
188.161108,80.942675,16.771570,10.352802
187.053532,81.466558,10.592182,10.000000
186.045875,81.925810,10.942385,10.000000
183.984615,81.146207,12.113764,10.000000
183.173652,80.417285,12.576110,10.016491
182.623669,80.686082,13.838623,10.006043
181.618897,80.696770,13.124573,10.000000
180.709834,80.125140,14.527878,10.634948
179.712333,82.571143,10.127678,10.000000
179.051449,81.658721,10.000000,10.000000
177.424898,81.198597,11.120445,10.000000
177.192118,80.973817,10.071948,10.000000
175.557125,81.040309,11.590645,10.000000
175.579624,80.516066,12.617989,10.000000
174.689912,80.336644,11.733946,10.000000
173.425462,80.878392,11.159741,10.000000
173.139275,81.281869,10.782240,10.000000
172.530339,81.698310,10.000000,10.000000
172.437960,79.510637,11.754579,10.000000
173.043022,79.677514,11.125795,10.000000
172.327607,81.423832,10.000000,10.000000
172.120925,81.352070,10.175449,10.000000
170.793611,80.506662,10.026701,10.000000
170.979717,80.619792,10.159967,10.000000
169.142804,81.471703,10.000000,10.000000
169.089280,81.746921,10.000000,10.000000
168.384128,79.755844,12.086444,10.000000
168.226827,79.956058,11.243958,10.000000
167.394297,80.992538,11.139176,10.000000
167.138173,80.926352,10.000000,10.000000
166.426227,80.544316,10.288081,10.000000
165.970798,80.891326,10.000000,10.000000
165.446226,80.613505,10.000000,10.000000
165.395583,79.722944,10.470816,10.000000
164.334947,80.556242,10.013085,10.000000
163.317575,80.535321,10.000000,10.000000
162.968526,79.548566,10.164692,10.000000
161.493803,80.371229,10.116045,10.000000
161.194375,80.504170,10.222736,10.000000
159.583154,80.444988,10.771152,10.000000
158.946722,80.764567,10.186492,10.000000
157.211111,80.547691,10.499891,10.000000
156.940631,80.302688,10.000000,10.000000
154.948180,80.166407,10.798043,10.000000
154.070690,80.266881,10.685367,10.000000
152.466102,80.591736,10.000000,10.000000
150.534272,78.801625,11.722544,10.000000
148.321394,79.266214,10.669276,10.000000
145.485507,79.746962,10.309468,10.000000
143.968538,80.479832,10.262943,10.000000
141.703522,78.478592,12.726226,10.000000
140.153239,79.725289,10.860795,10.000000
137.940728,79.522398,10.224790,10.000000
136.053314,79.710768,10.926234,10.000000
134.301335,79.619276,10.882318,10.000000
132.823400,79.179571,10.948733,10.000000
131.766067,79.782890,10.000000,10.000000
129.090636,78.570088,11.354296,10.000000
127.400808,78.594903,11.752129,10.000000
125.384837,78.871568,10.000000,10.000000
122.985947,77.949551,11.602012,10.000000
120.238692,78.170298,11.695518,10.000000
118.457741,78.498488,11.238503,10.000000
115.823495,79.288706,10.000000,10.000000
113.640554,79.230768,10.920731,10.000000
112.262378,79.870729,10.000000,10.000000
110.585527,78.480605,10.963606,10.000000
108.836837,78.513470,12.632392,10.000000
107.039756,78.953502,10.643535,10.000000
105.807036,79.471020,10.152802,10.000000
103.933336,79.895730,10.792418,10.000000
102.491430,79.435038,11.223909,10.000000
100.700551,78.863464,11.656688,10.000000
99.943195,78.426605,12.005785,10.000000
98.927801,79.027760,12.695912,10.000000
98.229452,78.944862,11.778383,10.008789
96.733874,78.752624,12.573864,10.000000
94.878772,81.225659,10.000000,10.000000
93.678550,81.390969,10.113019,10.000000
92.303447,80.454819,10.000000,10.000000
90.332695,79.993231,12.232672,10.000000
88.161664,80.742416,10.546894,10.000000
86.293275,80.546336,10.971623,10.000000
83.855062,80.698926,10.072926,10.000000
82.247444,80.953153,10.314704,10.000000
80.002025,79.790439,12.079143,10.000000
77.606794,80.497546,10.523502,10.000000
75.058205,80.586573,11.861906,10.000000
72.954349,81.052915,10.000000,10.000000
70.439460,79.862104,12.058208,10.000000
68.530338,80.635924,11.457675,10.000000
65.534257,81.063130,11.320027,10.000000
63.128857,80.906027,10.144694,10.000000
60.310836,80.941794,11.668716,10.000000
58.284901,81.105100,10.307371,10.000000
55.863381,80.557687,11.168978,10.000000
53.391471,81.407451,10.000000,10.000000
50.646873,81.653718,10.000000,10.000000
47.203643,80.022732,11.226560,10.000000
45.060599,79.136433,12.865605,10.000000
42.174910,80.338090,11.618463,10.000000
39.316656,79.824913,12.578395,10.019424
36.658470,80.287910,11.289749,10.000000
33.533036,79.186625,12.522921,10.000000
30.925464,79.347854,11.686225,10.000000
27.448325,79.949596,12.085766,10.000000
25.380079,79.682175,11.785617,10.000000
22.622777,79.366124,11.701959,10.000000
19.294699,80.772120,10.484339,10.000000
15.618903,80.278587,11.700150,10.000000
13.116183,79.899417,12.290190,10.078542
9.498495,81.230318,11.425570,10.000000
6.788564,80.629389,10.513920,10.000000
4.486828,80.030374,10.954596,10.000000
2.135566,80.244827,11.965470,10.060401
0.000000,82.599386,10.000000,10.000000
0.000000,80.762307,10.000000,10.000000
0.000000,78.657619,10.000000,10.000000
0.000000,78.516310,10.000000,10.000000
0.000000,78.324875,13.414918,10.000000
0.184412,79.542516,16.932627,14.737734
0.000000,79.141024,10.000000,11.517803
0.000000,79.677954,10.000000,10.000000
0.000000,79.094544,10.000000,10.000000
0.000000,84.979264,10.000000,10.000000
0.000000,80.483888,12.555107,10.000000
0.000000,81.061746,10.000000,10.000000
0.000000,81.324436,10.000000,10.000000
0.000000,79.518018,10.783668,10.472179
0.000000,79.286619,10.000000,10.633484
0.000000,78.411203,10.000000,10.000000
4.052653,77.485308,10.724368,10.000000
3.830881,77.348099,13.036617,10.000000
1.053890,76.955058,13.068893,10.000000
0.000000,76.672333,11.646016,11.771618
0.000000,76.731236,10.202012,11.169938
0.000000,76.651728,10.000000,10.301862
0.000000,77.566138,10.000000,10.000000
0.000000,76.887249,10.000000,10.000000
0.000000,82.846128,10.014944,10.000000
0.000000,82.837288,10.000000,10.000000
0.000000,82.754246,10.000000,10.000000
0.000000,81.876074,10.000000,10.348675
0.000000,79.445309,12.196950,17.653193
0.000000,71.943609,10.803477,17.755917
0.000000,71.232430,10.058895,17.659243
0.000000,70.866120,32.451666,16.234827
0.000000,71.358577,25.082879,16.851009
0.000000,70.158814,31.897105,16.151468
0.000000,68.448089,29.872222,14.457790
0.000000,69.036856,21.569327,13.793029
0.000000,73.979332,10.000000,10.000000
0.000000,74.466359,10.000000,10.000000
0.000000,73.955948,10.450920,10.000000
0.000000,71.306038,14.725927,10.197200
14.985295,74.185672,10.000000,10.000000
11.690033,74.417578,10.000000,10.000000
9.087819,74.738296,10.000000,10.000000
6.524877,74.458799,10.000000,10.000000
3.183655,74.616093,10.000000,10.000000
0.000000,74.474073,10.000000,10.000000
0.000000,74.717088,10.000000,10.000000
0.000000,73.202760,10.000000,10.000000
0.000000,73.164094,10.000000,10.000000
0.000000,78.804232,10.000000,10.000000
0.000000,75.602364,10.000000,10.876011
0.000000,78.212643,10.000000,11.105473
12.152288,73.453128,10.120411,10.000000
5.962199,70.517292,17.874601,12.340167
7.052972,70.265083,21.163813,11.753077
6.083283,71.096125,20.592188,10.672261
7.101836,67.944665,24.283377,17.471729
0.593616,68.314906,31.578182,13.806436
3.158094,65.663645,36.986809,18.939615
0.000000,60.031726,57.712006,48.311913
0.000000,58.841842,133.085007,96.492035
43.361473,57.615050,324.603027,155.412964
216.643356,38.415465,175.851151,95.040588
