215.600000,197.400000,29.000000,18.200000
213.439169,196.672875,30.288788,18.884466
211.613250,195.008432,30.086933,19.714024
210.537849,193.462750,29.669888,20.201933
210.394045,193.005201,29.455671,20.299999
209.967327,194.548894,28.887028,19.901052
210.285158,195.797088,28.826378,19.423517
209.371095,195.212077,28.754868,19.389101
208.710401,195.028372,28.700653,19.744953
207.785575,193.559702,28.601116,19.663784
206.965112,193.313848,28.142944,19.750927
206.406756,192.939616,27.931303,19.374804
206.955137,193.152067,28.073936,19.426357
206.055139,193.275188,27.394051,19.173462
204.733476,193.224480,27.539207,18.819290
203.165361,192.065724,27.400871,19.148634
202.287914,191.523287,27.192432,19.193150
200.484545,191.702775,26.647032,18.851202
198.369381,190.585038,26.883663,19.028791
197.140334,189.435424,26.889723,18.329065
195.538295,188.777925,26.383640,18.449352
193.834169,186.810979,26.848648,18.509398
192.340133,186.710382,26.292423,17.805777
190.015277,185.344813,26.586439,18.228456
187.785581,184.248200,26.293983,17.981367
186.895025,183.051216,26.374626,17.712677
184.119313,182.576816,26.027079,17.906107
182.506167,181.036445,26.141195,17.801447
180.991658,180.554786,25.280870,17.681101
179.340084,179.007142,25.241169,17.437330
177.268425,178.183706,25.520390,16.878208
175.823804,176.919425,25.336761,16.758341
174.485236,176.094143,25.103155,16.950096
173.099256,176.926722,24.686859,16.667141
173.602180,177.653529,24.794117,17.055498
172.666768,178.015636,24.178484,16.484894
170.631955,178.745291,24.470224,16.983097
169.859609,178.317750,24.190369,16.857855
169.310163,177.737731,24.494072,16.745707
166.942890,177.651276,24.252331,16.681725
165.567223,177.980297,23.676157,16.258209
164.452338,176.337103,24.234793,16.337841
163.304729,175.776599,23.718967,16.437899
162.539135,176.387643,23.339733,16.055037
163.015656,176.928087,23.647104,16.322506
162.508148,176.273886,23.473591,16.251698
161.153965,176.621901,22.869419,16.109570
161.496738,176.845905,22.753529,16.105911
160.786702,176.823204,23.065767,16.281052
160.770938,177.397246,23.418339,16.346659
160.652598,177.775543,22.100935,15.749505
160.706854,178.248008,22.318579,15.791826
159.515930,178.197104,22.359730,15.709713
158.849438,176.704725,22.691324,15.711354
157.964170,176.045938,22.126740,15.561123
156.416719,176.218143,21.676285,15.346436
156.119162,176.264439,22.151648,15.218932
156.067316,175.423018,22.057190,14.869144
155.833827,176.809879,21.579741,14.769432
155.758242,176.939419,21.421759,14.934608
156.840509,176.961391,21.908394,14.987969
156.136829,176.025678,21.397663,14.718084
155.804822,175.573151,21.492472,15.070480
154.708684,175.927006,20.469141,14.690033
155.023368,175.728725,21.049421,14.610207
155.611523,175.195633,20.922693,15.067275
156.104757,175.457433,20.669655,14.957289
157.115496,177.270971,21.149794,14.380520
157.854031,178.794983,21.277765,14.410857
158.550624,178.702954,20.762991,14.849746
159.345667,179.128125,20.278557,14.754683
159.360349,178.465787,20.665512,14.852171
158.532574,178.981642,19.955072,14.688540
157.392785,178.204386,20.301889,14.410030
157.309521,177.848591,20.347322,14.572212
157.685936,177.372171,20.224796,14.701130
159.020044,178.443520,20.014336,14.299857
159.190268,178.214275,19.891394,14.549484
159.172515,178.514593,19.742779,14.425641
159.667682,178.278677,19.721828,14.436435
160.102442,179.965971,19.658262,14.044171
161.572866,179.977164,19.671608,14.105097
161.838962,179.182838,19.645206,14.364953
162.003108,180.866684,19.126226,13.704254
162.383259,180.833296,19.265055,13.931231
163.644947,181.098139,19.280010,14.104312
163.730287,181.450917,18.876274,13.665846
162.708691,180.270429,18.833250,14.264985
162.766874,180.865072,18.724850,13.458123
162.358400,178.824351,19.196800,14.291021
162.217433,179.441692,18.246008,13.513042
160.955149,177.664798,18.521093,13.826979
160.723458,176.894548,18.702662,14.021935
159.719781,176.522659,18.469563,13.836782
158.961313,175.853604,18.395493,13.818889
158.320954,174.136751,18.344351,13.711949
158.259983,173.459107,18.126354,13.644575
156.519840,172.205650,18.031223,13.734338
155.111842,171.008017,17.878111,13.808685
153.635563,170.992854,17.681225,13.598083
152.923874,169.571183,17.735325,13.482943
151.933160,168.391509,17.733906,13.231447
150.929784,166.424037,17.441795,13.053868
150.467414,165.201682,17.587685,13.062781
149.109765,162.729804,17.252512,12.742781
147.937493,160.480162,16.941961,12.202754
147.302806,157.964786,17.157492,12.399037
146.457864,156.144535,17.332905,13.156285
144.965287,155.023890,17.096064,13.094493
143.708269,152.907182,16.915005,12.077307
142.989143,151.149917,17.077675,12.644346
141.604832,150.307264,16.994177,12.634553
140.141942,149.400418,16.815989,12.615225
140.205968,148.209334,16.664747,12.527658
138.539982,147.587779,16.757242,12.503675
138.089550,145.928380,16.760288,12.713031
137.345089,145.196502,16.619171,12.731553
136.697075,144.569321,16.396626,12.505042
135.760024,143.095527,16.130278,12.357480
134.822859,142.163177,16.269342,12.752403
133.512044,141.372763,16.121595,12.198092
131.922403,141.640932,15.952953,11.911210
130.722874,140.116522,16.098967,12.370964
130.445526,139.330473,16.117363,12.448174
129.498012,138.838417,16.016266,12.375122
128.234789,137.883785,16.112638,12.009400
127.437510,137.248372,15.883418,12.466070
126.315712,136.429039,16.049576,12.365846
125.842639,135.798752,15.605809,12.311355
124.894509,135.080516,15.646203,11.629926
124.661743,134.146864,15.860927,11.940162
123.717185,133.601565,15.404073,11.898845
122.938490,133.017897,15.725403,11.814158
122.605303,132.899629,15.517611,11.795717
121.606945,131.778048,15.618091,11.833846
120.638860,130.788314,15.550138,12.190538
120.109362,130.028372,15.160582,11.581824
118.884107,129.114978,15.076753,11.933996
119.017619,128.646396,15.200499,11.625208
117.690725,128.325480,15.170143,11.656783
117.474110,127.364601,15.363417,11.453884
116.371640,126.360353,15.110468,11.883692
115.185338,126.485858,14.896001,11.434793
114.348942,124.954300,15.077777,10.810981
113.783289,124.949780,14.256835,10.857032
112.830640,124.361337,14.609154,11.319582
112.054721,123.227402,14.692207,11.428619
111.645547,122.543160,14.566368,11.398050
110.713052,122.166434,14.500019,11.215976
110.346666,120.841690,14.590301,10.892941
109.558428,120.211254,14.735171,10.931747
109.183500,119.930148,14.554458,11.271472
108.052356,118.677452,14.293743,11.083825
106.532839,117.971409,14.194162,11.470309
106.081006,117.192457,14.569951,11.410657
106.341711,116.909447,14.516342,11.227408
104.544158,115.946923,14.311968,11.278734
104.433227,116.070022,14.064095,11.186109
104.325454,115.249062,14.149708,11.043536
104.161458,114.500982,14.312120,11.226930
103.982596,113.325211,14.161101,11.135235
103.770357,113.579710,13.708499,10.801117
103.468456,112.873263,14.102904,11.118692
103.353978,111.977485,14.130022,10.933271
103.757119,111.503617,14.014528,10.823825
103.138674,110.227801,13.650741,10.728160
103.421715,109.781592,14.029783,10.816428
103.031944,109.318175,13.875800,10.610304
102.878393,108.529558,14.073241,10.833619
102.304375,108.012782,13.695147,10.510847
102.353758,107.524629,13.753820,10.882189
102.164956,107.079263,13.674348,10.764718
102.535993,105.926459,13.788315,10.471297
103.186387,104.954458,13.995085,10.707981
103.496720,104.286325,13.696089,10.464706
105.473196,103.454358,13.300224,10.511599
105.387021,103.103810,13.604418,10.539519
106.426239,103.438482,13.463551,10.314900
106.757488,101.985295,13.770954,10.007982
107.268206,102.189042,13.269011,10.000000
108.723184,100.913887,13.141933,10.097310
108.669625,101.392702,13.318583,10.000000
109.617848,100.103432,13.412791,10.107753
109.830983,99.694101,13.305876,10.146726
109.464893,99.608252,14.136238,10.280674
110.425798,98.555297,13.958112,10.151533
111.841638,97.411674,13.665142,10.001309
112.248321,97.281480,13.388780,10.000000
113.367565,96.728507,12.998267,10.327512
113.990846,96.475984,12.990258,10.202667
114.344445,95.874871,13.012067,10.334783
114.752542,95.250141,12.961205,10.216681
115.239869,95.855251,12.928746,10.000000
114.974906,96.849716,12.842629,10.000000
117.224794,98.716971,13.053298,10.000000
117.164898,98.768332,13.021158,10.000000
118.266174,98.997448,12.864066,10.000000
118.282564,99.268421,12.993198,10.000000
118.345475,100.354571,12.944902,10.000000
119.204373,100.547760,12.741243,10.000000
118.923147,99.638902,12.440696,10.000000
119.152837,100.663774,12.957608,10.000000
119.160628,100.429459,12.977407,10.000000
118.875798,101.661801,12.639761,10.000000
118.777193,102.145835,12.785075,10.000000
119.140428,102.131824,12.791478,10.000000
119.326187,102.439490,12.376751,10.000000
119.570871,102.578568,12.679615,10.000000
119.537109,102.478747,12.801923,10.000000
119.477037,103.259222,12.670457,10.000000
119.586319,102.953531,12.549842,10.000000
119.899757,103.688179,12.108283,10.000000
119.961217,103.678643,12.590088,10.000000
118.992721,104.315533,12.047398,10.000000
118.644925,104.356670,12.463910,10.000000
118.887838,103.778232,12.551907,10.000000
118.157817,104.259303,12.272015,10.000000
117.584063,103.746702,12.243853,10.000000
117.421613,104.895499,12.103943,10.000000
117.367026,105.718810,11.887860,10.000000
117.746327,105.025780,11.936151,10.000000
117.203261,105.399266,11.629931,10.000000
117.041552,105.540030,11.731985,10.000000
116.500299,104.692517,11.965328,10.000000
116.453323,104.571152,12.254445,10.000000
115.807350,104.519273,11.545628,10.000000
115.321749,103.900476,11.993419,10.000000
114.663740,103.954243,11.735641,10.000000
113.092642,103.935901,11.745901,10.000000
113.260069,103.082696,11.679014,10.000000
112.680389,103.092308,11.809211,10.000000
111.167383,103.068961,11.712986,10.000000
111.099601,102.347350,11.268776,10.000000
111.112694,101.707638,11.929622,10.000000
110.215246,100.952050,11.215805,10.000000
109.021247,101.676743,11.994476,10.000000
108.187399,100.594607,11.997684,10.000000
107.941602,99.771962,11.732723,10.000000
107.031660,99.792742,11.903728,10.000000
106.303583,99.642804,11.684955,10.000000
105.507479,98.867740,11.710891,10.000000
105.487483,98.887501,11.881998,10.000000
104.915483,98.488944,11.532739,10.000000
104.306608,97.996690,12.079304,10.000000
103.613148,98.018924,11.471919,10.000000
102.244214,97.424946,11.552613,10.000000
101.210979,97.110111,11.778843,10.000000
101.546350,97.104538,11.812875,10.000000
101.624045,96.654362,11.056520,10.000000
99.690798,96.325974,11.967643,10.000000
99.418498,96.418678,12.001432,10.000000
99.746328,95.657918,12.361576,10.000000
99.367356,95.134653,12.272654,10.000000
98.191595,94.443606,12.434447,10.000000
97.321560,94.544047,12.008697,10.000000
97.405887,93.655264,11.850812,10.000000
97.379294,93.640755,11.649318,10.000000
97.697891,92.895517,11.086757,10.000000
96.632274,92.922766,11.602212,10.000000
96.733808,92.532574,11.433708,10.000000
96.235725,92.406499,11.487511,10.000000
96.530817,91.419961,11.843792,10.000000
96.124164,92.153775,11.015610,10.000000
94.659892,91.789803,11.109147,10.000000
94.492452,91.399574,11.435955,10.000000
94.108560,90.756754,11.544492,10.000000
94.616397,91.169206,11.327217,10.000000
93.825430,90.049574,11.384172,10.000000
93.896988,89.550773,11.223978,10.000000
93.266804,90.261627,10.806479,10.000000
92.067996,90.207139,10.831330,10.000000
92.646196,89.817918,11.071176,10.000000
91.532088,89.375255,11.133447,10.000000
91.056687,88.977237,11.004483,10.000000
90.531339,88.885716,10.496342,10.000000
91.074491,88.789793,10.964420,10.000000
90.015792,87.922961,10.891302,10.000000
91.220560,88.718087,10.603889,10.000000
91.052964,89.959122,11.271135,10.000000
92.266723,92.479621,11.267652,10.000000
93.143306,93.600731,10.443128,10.000000
92.518246,94.095860,10.495695,10.000000
92.662949,93.499938,10.585380,10.000000
91.982514,93.957638,10.862800,10.000000
92.007358,92.929132,10.808934,10.000000
92.320953,92.658165,10.587730,10.000000
90.694075,91.997234,11.007830,10.000000
91.468666,92.054448,10.879855,10.000000
91.543645,91.778432,10.216625,10.000000
91.573753,91.752066,10.885978,10.000000
90.507279,90.938141,11.010515,10.000000
89.803198,90.151012,12.128451,10.000000
90.228902,88.894343,12.647786,10.897673
90.917452,90.068969,11.029643,10.000000
90.329355,89.298652,11.306060,10.000000
91.401929,89.590305,10.802116,10.000000
89.464880,89.068343,11.555515,10.000000
90.076777,89.148757,10.651748,10.000000
90.906704,88.790483,11.230534,10.000000
91.529588,88.942075,10.524461,10.000000
90.895504,88.276491,11.421780,10.000000
91.504646,87.791860,10.900954,10.000000
90.740230,86.408312,12.526958,11.291474
92.000371,88.480327,10.699694,10.000000
92.144171,89.434503,11.278696,10.000000
93.643085,90.473788,11.302143,10.000000
94.903130,91.463902,10.937239,10.000000
96.852794,93.146313,10.431535,10.000000
95.818744,93.325937,11.039525,10.000000
97.356328,94.035346,11.120775,10.000000
101.452565,82.137875,10.509725,10.000000
90.673220,75.601005,10.000000,10.000000
90.896966,75.970501,10.000000,10.000000
92.505124,76.122611,10.000000,10.000000
93.813871,76.800772,10.000000,10.000000
94.677685,77.011528,10.000000,10.000000
95.231315,77.398462,10.000000,10.000000
96.918489,77.557875,10.000000,10.000000
96.844844,77.350842,10.590266,10.000000
97.296385,78.217362,10.164907,10.000000
98.152033,77.888722,10.000000,10.000000
98.922092,77.819191,10.000000,10.000000
99.303703,77.791775,10.000000,10.000000
99.828302,77.902545,10.000000,10.000000
99.787301,78.000257,10.000000,10.000000
100.435498,78.101643,10.000000,10.000000
101.044476,78.397254,10.000000,10.000000
101.184892,79.013568,10.000000,10.000000
101.327734,79.114744,10.000000,10.000000
102.132317,79.276113,10.000000,10.000000
102.562013,79.562044,10.000000,10.000000
102.661172,79.339282,10.002975,10.000000
102.970571,79.902838,10.000000,10.000000
102.789858,79.884615,10.000000,10.000000
103.383381,80.041159,10.000000,10.000000
104.679415,80.190274,10.000000,10.000000
104.017321,80.859066,10.281155,10.000000
104.934034,81.802949,10.368296,10.000000
106.064818,83.392241,10.000000,10.000000
107.696332,85.048754,10.124420,10.000000
108.353518,84.991251,10.000000,10.000000
108.204093,85.420559,10.000000,10.000000
108.470760,85.943323,10.000000,10.000000
108.779668,85.549022,10.212248,10.000000
109.376067,85.592460,10.147269,10.000000
109.417517,85.203516,10.000000,10.000000
110.155513,85.549091,10.049066,10.000000
109.892122,85.875752,10.009571,10.000000
111.552721,87.071006,10.113210,10.000000
112.245737,87.760319,10.000000,10.000000
113.040418,88.864120,10.000000,10.000000
113.289045,88.967983,10.000000,10.000000
114.159569,89.139566,10.000000,10.000000
114.458287,89.380206,10.000000,10.000000
115.103976,89.640551,10.000000,10.000000
115.286190,89.081230,10.000000,10.000000
115.788441,89.261598,10.000000,10.000000
115.380726,89.538439,10.079880,10.000000
116.644196,89.303256,10.000000,10.000000
116.394249,89.423506,10.000000,10.000000
117.473246,89.523055,10.122627,10.000000
118.107833,89.457843,10.000000,10.000000
118.994994,89.654647,10.000000,10.000000
119.134111,88.710029,10.177889,10.000000
119.184773,89.001108,10.000000,10.000000
120.805279,89.055563,10.000000,10.000000
121.200527,89.148630,10.000000,10.000000
122.712060,89.266072,10.000000,10.000000
122.620220,89.105951,10.690516,10.000000
123.516147,88.113086,10.890759,10.000000
124.650451,88.505938,10.000000,10.000000
124.532421,88.196436,10.551387,10.000000
125.329310,88.146752,10.130835,10.000000
126.612511,87.964603,10.000000,10.000000
126.451799,88.114340,10.083788,10.000000
125.161526,87.790078,12.891763,12.765359
127.302951,88.149859,10.000000,10.000000
128.256496,88.106875,10.000000,10.000000
127.735493,88.242626,10.367167,10.000000
125.722299,87.952063,13.264824,11.824211
127.444749,87.983141,10.788158,10.000000
126.293895,88.237892,11.558907,10.865560
124.971679,87.634465,12.576450,12.718273
115.494718,85.277798,28.817341,19.999966
107.286922,94.406092,23.427765,11.738220
106.318271,95.171189,20.920479,11.509266
111.209825,96.121323,15.639622,10.910771
110.897836,95.290749,18.189480,11.406899
110.176578,95.429500,17.049587,11.366794
111.284195,95.624880,18.149147,11.309460
112.622484,95.272000,18.294712,11.546809
111.517446,94.824574,16.896420,11.929082
112.749546,95.303837,17.400829,11.070000
114.356838,94.795163,15.435875,10.000000
115.859091,95.018171,12.449542,10.000000
117.165675,94.108166,12.722910,10.000000
117.129844,93.122464,15.117577,10.648252
115.492506,93.335522,16.210114,11.594788
116.876467,93.683640,12.834044,10.000000
117.204092,92.666966,14.344120,10.389945
117.878965,94.481650,11.561088,10.000000
127.804538,89.281108,10.000000,10.000000
127.736522,89.151014,10.911388,10.000000
128.261414,88.881080,10.353446,10.000000
128.593394,88.808844,11.028555,10.000000
126.898302,87.662918,12.799346,10.000000
128.635722,88.319546,10.093465,10.000000
124.583876,87.404112,13.468977,10.556061
116.831165,93.178940,11.155948,10.000000
116.910997,92.757567,12.126991,10.000000
116.962797,92.855619,12.632912,10.000000
116.126462,93.046135,12.352552,10.000000
116.543770,91.985006,10.375236,10.000000
117.417019,92.402273,11.088293,10.000000
116.818880,91.847913,10.144920,10.000000
115.022229,93.502345,10.000000,10.000000
114.484773,92.044586,10.000000,10.000000
116.221019,92.071975,10.000000,10.000000
115.171247,91.960026,10.119183,10.000000
113.966619,92.699528,10.000000,10.000000
113.768869,91.975027,10.000000,10.000000
112.033887,90.693394,14.598946,10.000000
113.617266,90.915505,10.248098,10.000000
113.875558,91.449014,10.000000,10.000000
112.601285,91.557074,10.080701,10.000000
112.894710,91.272387,10.000000,10.000000
112.376751,91.141557,10.000000,10.000000
112.815582,90.949728,10.000000,10.000000
111.197752,90.595689,10.275444,10.000000
111.778854,90.510012,10.000000,10.000000
111.450669,89.987102,10.000000,10.000000
110.361154,89.036086,12.741641,10.000000
107.878840,87.378801,19.198215,12.556560
109.640807,92.432540,22.750874,11.435134
126.152625,94.117737,13.112408,12.224034
126.621635,107.767991,13.925848,10.554996
129.337147,96.519200,10.234734,10.000000
129.735219,97.177262,10.000000,10.000000
129.614155,97.202391,10.000000,10.000000
129.570367,97.293792,10.000000,10.000000
129.559107,97.388932,10.000000,10.000000
129.629310,97.470467,10.000000,10.000000
130.465064,97.634847,10.000000,10.000000
131.216682,96.824318,10.000000,10.000000
130.529208,97.240999,10.080286,10.000000
130.472921,97.607733,10.264038,10.000000
131.349426,98.304217,10.031559,10.000000
131.989337,99.481823,10.675470,10.000000
132.742022,100.588213,10.000000,10.000000
132.118670,100.296767,10.185452,10.000000
131.478170,100.408568,11.084796,10.000000
132.061019,100.800400,10.000000,10.000000
132.667913,100.886667,10.000000,10.000000
131.982362,101.234110,10.259850,10.000000
132.639180,101.660389,10.419549,10.000000
133.432195,102.393789,10.000000,10.000000
133.829732,102.895207,10.905497,10.000000
134.059037,102.894634,10.000000,10.000000
134.652934,103.306705,10.000000,10.000000
133.889807,104.239458,10.240980,10.000000
134.546860,103.970184,10.000000,10.000000
134.609484,104.092137,10.000000,10.000000
134.951823,104.285979,10.000000,10.000000
134.402839,104.787907,10.000000,10.000000
134.389372,104.876948,10.222548,10.000000
134.410890,105.402642,10.494958,10.000000
134.949019,104.745808,10.778032,10.000000
134.722266,104.800638,10.015734,10.000000
134.372996,105.385279,10.059274,10.000000
134.335677,104.965569,10.519361,10.000000
134.357968,104.903291,10.009488,10.000000
134.419779,105.469618,10.049166,10.000000
134.316378,105.103525,10.000000,10.000000
134.428931,105.272520,10.000000,10.000000
134.581755,105.346048,10.000000,10.000000
134.485907,105.331668,10.000000,10.000000
135.695339,105.110872,10.203550,10.000000
135.176303,104.661157,10.000000,10.000000
135.146952,104.614866,10.004942,10.000000
134.398431,105.077000,10.177761,10.000000
134.730355,104.550333,10.430070,10.000000
135.183535,105.156726,10.000000,10.000000
134.777438,105.143231,10.114754,10.000000
135.027584,104.534896,10.872689,10.000000
134.971300,104.477928,10.000000,10.000000
134.598061,105.646154,10.043072,10.000000
135.443763,105.532005,10.002519,10.000000
136.427010,107.125792,10.161922,10.000000
137.000383,108.437992,10.000000,10.000000
138.230046,110.715245,10.000000,10.000000
138.385330,110.249462,10.000000,10.000000
138.836409,110.754682,10.371284,10.000000
137.986126,110.882383,10.466831,10.000000
138.720447,111.406465,10.243001,10.000000
138.543144,111.075287,10.000000,10.000000
137.181859,111.290452,10.000000,10.000000
138.126382,111.520955,10.000000,10.000000
138.804294,110.874856,10.000000,10.000000
138.890273,111.609000,10.911585,10.000000
139.865070,112.294945,10.257656,10.000000
140.645700,113.057245,10.000000,10.000000
139.133372,113.793667,10.836298,10.000000
139.816013,113.954220,10.000000,10.000000
140.574722,114.213424,10.000000,10.000000
141.083557,114.588261,10.000000,10.000000
141.573004,114.556966,10.123805,10.000000
141.553448,115.201509,10.209704,10.000000
141.935922,114.877692,10.074083,10.000000
142.459535,115.489855,10.000000,10.000000
142.263851,115.603006,10.000000,10.000000
142.428979,114.889978,10.000000,10.000000
142.803887,115.294192,10.000000,10.000000
141.624915,116.077474,10.348116,10.000000
142.832307,115.905996,10.285467,10.000000
143.667487,117.053724,10.047636,10.000000
144.554430,116.701048,10.496697,10.000000
145.405745,118.273007,10.000000,10.000000
145.805154,118.671910,10.000000,10.000000
145.769273,118.383416,10.000000,10.000000
145.555326,119.224163,10.000000,10.000000
145.345018,119.296685,10.000000,10.000000
146.192611,119.520490,10.000000,10.000000
146.122737,118.619570,10.093289,10.000000
145.598012,119.393332,10.000000,10.000000
145.346265,120.366400,10.000000,10.000000
146.969926,120.364545,10.040832,10.000000
148.178378,119.467339,10.890488,10.000000
147.124747,120.124355,10.861458,10.000000
147.185369,120.253650,10.000000,10.000000
147.947503,120.501798,10.000000,10.000000
147.856061,119.887757,10.000000,10.000000
147.870535,120.085761,10.000000,10.000000
148.585454,120.295874,10.000000,10.000000
148.818137,120.999672,10.000000,10.000000
150.277481,121.235666,10.000000,10.000000
150.763615,122.139600,10.415882,10.000000
152.293319,122.281124,10.738817,10.000000
151.537747,122.774697,10.448362,10.000000
153.319631,123.254762,10.318757,10.000000
153.082678,123.078650,10.000000,10.000000
153.756916,123.719142,10.075415,10.000000
154.328457,124.322687,10.000000,10.000000
154.947428,124.787563,10.000000,10.000000
154.881608,124.962017,10.235901,10.000000
156.393361,125.819424,10.077553,10.000000
157.197214,126.607295,10.000000,10.000000
158.697185,126.487259,10.000000,10.000000
158.667544,128.165256,10.000000,10.000000
159.458421,128.410364,10.000000,10.000000
161.173078,128.737655,10.000000,10.000000
161.781022,128.878834,10.200014,10.000000
162.479109,129.751188,10.000000,10.000000
163.318962,129.161357,10.000000,10.000000
163.286971,129.730208,10.000000,10.000000
164.082812,129.501073,10.258999,10.000000
164.554568,129.872190,10.000000,10.000000
165.503514,130.019315,10.000000,10.000000
167.221427,130.231435,10.000000,10.000000
168.492385,130.538548,10.000000,10.000000
170.445674,130.217620,10.000000,10.000000
171.369382,130.529345,10.000000,10.000000
172.879413,129.793370,10.000000,10.000000
172.552011,130.123744,10.000000,10.000000
172.674595,130.459465,10.000000,10.000000
173.183592,130.653782,10.000000,10.000000
174.128553,129.635656,10.040602,10.000000
172.821329,130.483573,10.000000,10.000000
172.391908,130.667739,10.000000,10.000000
173.001064,129.786818,10.211211,10.000000
172.305103,130.214959,10.013923,10.000000
172.086747,129.499748,10.983937,10.000000
171.567837,130.078457,10.000000,10.000000
172.562283,129.599414,10.000000,10.000000
172.678964,129.038273,10.000000,10.000000
171.935794,129.668324,10.000000,10.000000
172.865017,129.291979,10.163379,10.000000
174.610616,129.212393,10.000000,10.000000
174.173522,129.309396,10.000000,10.000000
174.590638,129.054030,10.184278,10.000000
174.451767,128.840221,10.000000,10.000000
173.865796,129.079130,10.000000,10.000000
172.647796,129.390434,10.214170,10.000000
173.997097,129.001005,10.286038,10.000000
173.689961,128.771395,10.000000,10.000000
172.149971,129.163707,10.000000,10.000000
172.367061,129.735877,10.000000,10.000000
173.223094,129.045177,10.000000,10.000000
173.510504,129.142564,10.076729,10.000000
173.868734,128.621606,10.000000,10.000000
174.139991,128.210038,10.000000,10.000000
174.956081,128.508333,10.000000,10.000000
174.898701,127.705160,10.000000,10.000000
174.750075,127.961886,10.000000,10.000000
174.610175,128.123945,10.013143,10.000000
175.374846,127.780293,10.271982,10.000000
175.202410,128.526052,10.160624,10.000000
175.841350,127.911968,10.044601,10.000000
175.854073,128.511084,10.111780,10.000000
175.648466,128.360532,10.000000,10.000000
175.151010,128.522774,10.000000,10.000000
175.575431,127.595918,10.108242,10.000000
175.261316,128.311928,10.035574,10.000000
174.689483,127.882590,10.000000,10.000000
174.520049,128.057125,10.052671,10.000000
175.531839,127.599823,10.942121,10.000000
175.700429,127.619213,10.000000,10.000000
174.902681,127.805877,10.000000,10.000000
174.627773,128.072443,10.000000,10.000000
174.601686,128.252417,10.616186,10.000000
174.900521,128.254776,10.097471,10.000000
175.751919,127.738523,10.161804,10.000000
176.656233,127.904727,10.000000,10.000000
175.324197,127.070178,10.060854,10.000000
174.659677,127.598254,10.000000,10.000000
174.196845,127.771233,10.000000,10.000000
175.968764,127.252839,10.000000,10.000000
175.713991,127.681384,10.000000,10.000000
173.810472,127.857548,10.000000,10.000000
172.804362,128.435414,10.078707,10.000000
176.315564,127.342450,10.000000,10.000000
178.808773,126.708530,10.000000,10.000000
177.260318,126.484759,10.316701,10.000000
177.023775,127.081596,10.000000,10.000000
178.632502,125.588572,10.208186,10.000000
179.390081,125.045452,11.289342,10.000000
178.034906,125.140182,10.447910,10.000000
178.148165,125.731989,10.309669,10.000000
179.386958,125.622173,10.255471,10.000000
178.983032,125.593657,10.000000,10.000000
177.094680,125.692048,10.143761,10.000000
176.704388,126.457247,10.170470,10.000000
179.822795,125.297567,10.000000,10.000000
179.519964,125.265188,10.027447,10.000000
178.406682,125.488672,10.000000,10.000000
178.747337,125.703721,10.000000,10.000000
178.507940,124.828491,10.152825,10.000000
179.047071,125.417108,10.702439,10.000000
179.224615,125.602823,10.353005,10.000000
179.997280,124.957125,10.119100,10.000000
179.005321,125.413025,10.170713,10.000000
178.680488,125.144024,10.000000,10.000000
178.522370,125.253869,10.254702,10.000000
179.571976,124.214232,10.360971,10.000000
179.235032,124.646850,10.412725,10.000000
178.563574,125.472605,10.000000,10.000000
177.968009,125.754350,10.072627,10.000000
178.701768,125.270809,10.374258,10.000000
179.647915,124.829482,10.482649,10.000000
178.213927,125.755658,10.000000,10.000000
177.992068,125.127036,10.000000,10.000000
178.781939,125.351480,10.000000,10.000000
178.327926,125.570769,10.485190,10.000000
178.213898,125.535433,10.000000,10.000000
178.391098,124.935827,10.173493,10.000000
178.325712,125.739646,10.000000,10.000000
179.035496,125.069454,10.000000,10.000000
178.480244,125.341408,10.000000,10.000000
178.737276,125.453148,10.225664,10.000000
178.501412,125.146370,10.604077,10.000000
178.685365,124.933033,10.599944,10.000000
179.676834,124.372986,10.089440,10.000000
180.141183,124.268550,10.158488,10.000000
179.602465,124.214209,10.000000,10.000000
178.835275,124.616741,10.022036,10.000000
179.504026,124.789344,10.727205,10.000000
178.556775,124.161184,10.876295,10.000000
178.895185,124.482713,10.156327,10.000000
180.096875,124.391282,10.084574,10.000000
179.493317,124.239135,10.032707,10.000000
179.743546,124.206823,10.000000,10.000000
178.802641,124.720751,10.020880,10.000000
179.521725,124.967393,10.548477,10.000000
178.081663,124.577657,11.753584,10.000000
177.918405,124.373790,11.106120,10.000000
176.421535,123.486512,15.573901,10.995682
176.764164,124.114157,22.239756,15.026833
187.011242,130.485098,27.117235,16.365465
206.283426,141.701971,14.761243,13.840615
201.847345,135.686984,21.935724,20.033791
189.004719,129.066651,21.905903,13.183320
187.695778,129.122160,24.298872,14.302679
185.163805,126.763511,27.600458,19.416140
206.762148,140.258153,17.437134,13.968498
205.533453,138.342009,16.772314,16.148975
205.643742,139.973666,17.163071,15.269489
201.945387,134.922462,21.869556,20.256868
189.858857,130.101065,21.202911,11.930500
187.968085,130.060138,20.599243,13.945589
188.553885,130.296684,21.211456,13.611933
206.266954,140.906423,15.493548,13.573401
205.818328,140.322789,15.161048,14.018947
205.813056,139.110078,16.219646,15.117512
204.851015,138.279792,18.649385,16.811207
205.796068,140.018965,16.715700,14.598530
203.735438,135.994721,19.711533,18.963024
190.197682,129.338259,20.890137,13.488267
188.693417,126.742047,29.632172,22.417767
206.286953,140.151779,17.916529,14.291944
204.370710,137.915129,18.593676,17.362381
205.766832,139.613761,16.146410,14.537711
205.618994,139.687731,15.411312,14.298478
189.861403,131.091802,16.949909,10.931209
185.024845,125.444848,25.264303,19.666317
188.630639,131.090713,18.001751,11.564155
187.006358,129.171460,20.268574,13.992275
186.413309,129.967245,24.093306,15.378480
206.667459,141.045735,14.894087,13.442448
204.760857,139.214017,17.018623,15.309253
187.711387,131.881966,18.305311,11.540841
187.947386,131.031278,18.997025,12.327891
188.503977,131.231344,18.318520,11.757920
188.169822,130.584290,18.126459,12.116058
187.351676,131.370021,18.379993,11.500340
186.894964,130.888009,18.747011,12.508900
187.080639,131.472528,18.909664,12.212779
186.988792,131.779957,18.459696,11.698652
186.415643,131.753812,18.512411,11.807217
184.469913,129.490936,24.547960,16.239305
185.980191,129.492249,30.721542,18.761398
186.423298,132.051865,18.658632,11.129982
185.938153,130.277533,19.423256,12.808926
