254.200000,102.000000,7.200000,13.200000
254.471853,102.664736,10.000000,12.525064
254.404551,102.979995,10.000000,12.439571
254.587963,101.882423,10.000000,12.681312
254.553383,102.792949,10.000000,12.704011
254.814108,103.341055,10.000000,12.566287
256.010865,103.518668,10.000000,12.416327
255.517833,103.663595,10.000000,12.967483
255.815282,104.372068,10.000000,12.785500
256.071832,104.041834,10.000000,13.044211
256.740309,103.829216,10.000000,13.090980
256.523806,104.548362,10.000000,13.378120
256.211426,104.646839,10.000000,12.726044
256.211845,104.559444,10.000000,13.186398
256.359756,104.434415,10.000000,13.073090
256.753696,104.387738,10.000000,12.904016
256.512937,104.084213,10.000000,13.059647
256.620121,103.280370,10.000000,13.582898
257.869488,103.554865,10.000000,13.174796
257.568109,104.480360,10.000000,13.258476
257.449552,104.583562,10.000000,12.674898
257.967886,104.719647,10.000000,12.966681
257.755039,104.926483,10.000000,12.660404
257.776126,105.401452,10.000000,12.368002
259.041292,105.536738,10.000000,11.964375
259.287676,105.061741,10.000000,11.751589
260.338926,105.524738,10.000000,12.031124
260.823296,105.578945,10.000000,11.376186
261.548373,105.813975,10.000000,11.395422
262.003616,106.916084,10.000000,10.588463
262.429766,107.007966,10.000000,11.424066
262.960042,107.378318,10.000000,11.078903
264.503601,107.431607,10.000000,12.725073
264.410599,106.520220,10.000000,12.040258
266.267732,106.470102,10.000000,12.399611
266.188094,107.412274,10.000000,13.545106
266.554696,106.759320,10.000000,13.069288
266.237985,107.291405,10.000000,13.661440
267.225367,105.983509,10.000000,14.122764
268.531997,107.073764,10.000000,12.544571
268.168479,106.509295,10.000000,14.258109
268.178009,106.867162,10.000000,13.393292
269.938942,108.008495,10.000000,13.435294
272.095078,108.391116,10.000000,12.327749
271.646485,108.186411,10.000000,13.896906
272.990152,107.570909,10.000000,13.349201
274.914150,106.723028,10.000000,12.609786
275.115649,106.109542,10.000000,13.266733
274.473950,106.747088,10.000000,13.871538
276.397000,106.091389,10.000000,13.476027
275.161174,106.567442,10.248347,14.828888
272.699393,105.747607,12.177508,17.939360
275.503018,105.310013,10.000000,12.586387
276.385203,105.465251,10.000000,11.873690
276.765380,104.927430,10.000000,12.347994
276.772578,103.038334,10.000000,13.616032
276.362483,103.148730,10.000000,13.813284
276.670642,102.422303,10.000000,14.138056
275.107210,101.952621,10.000000,14.490936
274.566821,100.908216,10.000000,14.987672
273.709074,100.153576,10.000000,16.079205
273.404412,99.081885,10.000000,16.444941
273.684043,99.731681,10.000000,14.811077
270.383984,98.471550,11.012582,16.217918
271.848787,98.052115,10.000000,14.160662
267.418518,98.076718,12.190295,15.924634
265.934947,97.427831,12.884920,17.213032
267.595439,96.623815,11.556120,18.054203
267.803447,95.148642,10.483205,15.568319
266.550845,94.442440,10.477633,16.120861
265.698213,93.324677,10.585938,18.016706
265.291992,94.006832,10.421823,20.261181
264.797757,92.808984,10.241816,19.084618
264.392700,92.377086,10.000000,20.055180
263.232593,91.508443,10.000000,21.356052
262.073446,89.310731,10.096538,21.658075
263.090686,88.867817,10.000000,16.002947
262.782578,87.838019,10.000000,14.388124
262.861628,86.574817,10.000000,17.550186
262.913413,86.042122,10.000000,12.447380
262.298796,84.874665,10.000000,12.385407
261.278818,83.830915,10.000000,12.520763
260.873420,83.283084,10.000000,12.708710
259.683051,83.045678,10.000000,13.417508
258.962051,83.140482,10.000000,12.900554
258.403482,82.413217,10.000000,13.219490
257.193022,82.530886,10.000000,12.741358
256.046466,82.012164,10.000000,12.243413
254.880948,81.774114,10.000000,12.013420
254.229499,80.636648,10.000000,12.738521
254.521533,80.632965,10.000000,12.094128
253.766816,79.614461,10.000000,12.301767
253.612410,79.484050,10.000000,12.311291
253.055601,78.476592,10.000000,12.314385
252.239819,77.834439,10.000000,11.874772
252.041958,76.250197,10.000000,12.528300
250.827604,76.720398,10.000000,12.440914
250.023355,76.882685,10.000000,12.506866
248.733088,75.086544,10.000000,13.417006
248.201796,75.476983,10.000000,12.431119
246.929787,74.405537,10.000000,12.330004
246.108074,72.944204,10.000000,12.420460
243.440303,71.568183,10.000000,14.256498
242.421774,69.954294,10.000000,12.695278
240.655780,69.638320,10.000000,12.470774
239.427322,68.840688,10.000000,12.331852
238.002361,66.853064,10.000000,12.987986
235.537032,66.938263,10.000000,14.040755
233.429036,66.070327,10.000000,14.568783
232.870722,64.910246,10.000000,14.322012
231.840212,65.177412,10.000000,13.474098
231.191166,65.913107,10.000000,12.753565
230.002735,64.854580,10.000000,13.498839
228.225489,64.310557,10.000000,13.338910
227.144247,64.184081,10.000000,13.307302
225.959989,62.995807,10.000000,13.446504
224.868846,61.765990,10.000000,13.549261
222.600544,60.666639,10.000000,13.483081
221.656264,59.917626,10.000000,13.546206
220.933169,60.458750,10.000000,12.759665
219.381841,60.147469,10.000000,12.897288
218.790747,59.301093,10.000000,12.954480
217.514479,59.600881,10.000000,13.332860
216.404679,59.006301,10.000000,12.808003
215.981913,59.851312,10.000000,12.170800
214.971141,59.564001,10.000000,13.536659
213.361649,58.084643,10.000000,13.964957
212.690395,58.424655,10.000000,13.264958
211.453998,57.622496,10.000000,13.448760
210.395237,58.105814,10.000000,13.716945
209.571805,58.517706,10.000000,14.145018
207.656522,57.751231,10.000000,13.586972
207.550913,57.768297,10.000000,13.758831
205.625097,58.562625,10.000000,12.936009
203.591345,57.886064,10.000000,13.976983
202.071705,57.234608,10.000000,13.689177
201.051520,56.144897,10.000000,14.485356
199.695885,56.456640,10.000000,14.254490
198.928644,55.990114,10.000000,13.390423
198.183858,56.730918,10.000000,13.819063
196.084262,56.001847,10.000000,14.355223
194.901976,55.858989,10.000000,13.481373
193.607919,55.952001,10.000000,14.807538
191.462571,56.330456,10.000000,13.004699
191.073071,55.373075,10.000000,12.661377
189.602318,55.716441,10.000000,12.370092
188.242087,55.750685,10.000000,11.989280
185.818339,53.976091,10.000000,13.385567
184.197716,53.962396,10.000000,14.447679
182.867024,52.825096,10.000000,13.541973
183.250339,52.311765,10.000000,12.796121
181.377971,51.672984,10.000000,14.119585
179.409393,50.759186,10.000000,13.634756
177.400803,50.788018,10.000000,13.394350
175.638767,50.145205,10.000000,14.792197
174.760866,49.674123,10.000000,13.286884
174.211924,49.300201,10.000000,14.039979
171.184904,49.061285,10.000000,15.052166
169.885537,48.041875,10.238656,14.479462
168.773647,49.076444,10.000000,13.398355
167.155883,48.857537,10.000000,14.134797
166.233683,48.560293,10.000000,13.570240
164.563567,48.585065,10.000000,14.410095
162.915247,48.612535,10.000000,13.847252
160.947256,47.429208,10.000000,14.810814
160.603312,47.759002,10.000000,14.851762
159.271918,46.460823,10.000000,14.246627
158.535681,45.694664,10.000000,14.660690
156.577951,45.874450,10.000000,14.995758
155.349034,45.627485,10.000000,14.043906
154.604756,45.334435,10.000000,13.930372
152.748929,45.636034,10.000000,15.032459
151.907024,44.348053,10.000000,14.559860
150.968483,44.421455,10.000000,13.847093
149.063301,44.614338,10.000000,14.295837
148.482157,43.253192,10.000000,13.818658
147.451466,43.237486,10.000000,15.084423
146.045591,41.884276,10.000000,14.411039
143.236339,41.220315,10.250689,14.287207
141.615498,41.923166,10.000000,13.708293
141.445204,41.572984,10.000000,12.985444
140.376070,41.001659,10.000000,12.544735
138.686076,40.897684,10.000000,12.299132
137.358122,40.302748,10.000000,12.508895
134.447949,40.666963,10.818156,12.660957
133.887740,41.123221,10.698174,13.044905
130.877479,39.386493,14.117620,13.344486
124.852494,37.331779,21.839062,16.752026
117.091124,31.090549,29.264061,23.743443
113.041115,22.758962,36.806538,33.786850
148.211291,5.496017,23.495193,23.760715
134.779379,5.687260,34.892387,22.326982
132.635673,6.596655,27.516287,20.090759
129.474349,8.457923,19.921867,18.078375
128.026524,11.080296,27.271511,17.710649
128.259216,9.573808,15.039510,16.800568
119.039356,14.183580,25.933882,18.994919
127.313305,9.339151,40.940182,21.898933
135.322680,6.787872,28.596382,23.472195
130.803443,9.141527,18.017935,16.908806
130.731590,9.649170,25.320547,17.935230
130.555970,9.604797,13.948429,15.654941
130.429204,9.487930,22.405056,18.114254
130.405333,10.060849,11.863572,14.738091
125.768464,8.364359,23.695961,18.496012
127.859296,8.693879,16.576651,16.291136
130.734155,8.411937,23.095121,17.386581
130.055784,8.525698,12.594335,15.603221
133.091018,8.964731,18.158609,18.128754
115.903554,8.291826,36.912827,28.073555
143.191424,7.111354,23.143345,24.222813
143.217635,8.951153,32.676830,24.366442
144.734110,4.916975,43.553364,31.758255
153.034117,9.946899,43.847958,34.602352
152.873606,13.342994,55.560154,34.348476
152.790692,18.354171,67.158112,36.807446
157.292614,22.301704,28.525957,30.570446
159.339287,27.681309,36.381386,28.247133
158.594752,25.883443,48.135761,32.154465
156.262208,24.855222,39.289284,32.156891
161.842188,30.785125,48.126896,34.994030
158.043377,33.682321,47.688477,39.380516
156.375189,38.128011,47.513607,35.348709
165.147256,38.649031,28.665899,31.155516
164.780637,45.417122,21.597181,24.328524
163.724141,51.451221,13.845099,16.603687
164.685948,53.558925,14.374817,16.457020
165.211988,51.144222,18.472731,19.193924
162.253997,49.309947,25.001810,21.652231
163.198145,49.192765,25.503979,22.548040
163.343209,47.874134,25.692841,23.744507
164.524552,47.406032,30.073776,24.925606
160.926026,46.989217,46.473610,28.082966
164.471112,40.311386,40.692032,35.724121
164.383012,42.465403,29.919943,29.189890
164.995584,44.044448,20.646330,26.295031
164.779857,49.245739,14.971889,18.759087
163.969234,53.161184,19.075556,16.477558
164.399106,51.633567,13.361030,16.332878
165.398194,52.180433,15.790092,17.232933
164.711850,52.054574,13.216735,15.169156
164.903001,49.996038,15.555742,18.514439
164.241892,52.384923,19.524185,18.047384
162.971710,48.937327,22.066481,21.170435
167.068915,49.799546,22.250481,22.068930
164.767279,45.653009,28.495636,26.348896
161.416794,44.967789,49.004299,30.263212
160.765618,36.600483,53.019619,41.950645
158.475236,36.461675,61.870754,42.557926
166.473578,38.198707,25.693527,32.324326
166.657185,44.765642,28.021717,26.940960
163.548441,44.425363,35.474518,26.869831
163.412837,39.949486,36.923317,29.606169
165.452970,38.850933,24.837633,29.227043
165.494511,43.901610,29.850910,25.595232
161.237017,40.333320,53.335869,35.706314
161.945675,34.214468,45.000950,38.521381
163.932480,36.948135,52.224926,36.012863
164.920137,37.483245,28.349314,32.174011
165.762330,44.754926,22.950741,23.169010
157.109398,42.708014,42.784328,27.176622
165.808484,38.367773,24.697803,29.301624
165.628153,43.225963,26.269989,23.298935
160.287789,40.771764,42.228161,30.072178
165.650128,36.497511,27.887867,30.476137
164.907379,43.032811,24.506216,23.726896
163.831029,45.636239,23.936649,20.262571
164.429590,44.556458,28.503702,22.965216
161.499161,45.984973,36.201443,27.868799
169.112720,45.880304,29.416784,31.137768
172.098486,50.365311,31.070971,30.395018
176.203417,55.615280,41.067451,29.191101
179.066050,53.510093,44.964455,32.271912
179.040394,52.143253,51.509480,34.416313
174.586533,53.249126,38.859676,32.841637
172.195143,54.286481,42.121735,32.692326
178.385928,53.841598,46.581871,33.195496
175.443772,55.420047,44.178936,31.894096
178.444113,54.758747,50.962234,34.407784
175.111233,54.894138,40.654560,33.094093
177.710501,58.253555,34.615173,31.044922
180.032633,57.278184,35.277901,31.525480
177.068356,56.779718,35.153866,32.721264
177.302899,57.551197,34.378536,33.591637
179.422705,57.905758,33.081367,33.187523
178.349707,58.638458,34.359596,32.988785
179.301566,58.659296,33.473351,33.233852
185.635689,63.719116,31.356785,30.906708
187.576699,66.119787,37.508350,32.038685
186.987313,63.381998,48.634647,36.270382
183.885399,64.677356,54.588657,36.491676
177.241295,62.232027,52.712254,39.310787
185.585923,67.567014,41.835209,33.996006
183.680234,67.252168,48.604580,34.319836
172.182473,64.829342,63.240589,38.438148
189.399619,65.802230,26.922737,32.942062
188.328236,69.539863,43.294140,32.621262
192.092783,66.780105,31.859652,32.886841
190.964530,69.756835,29.144119,29.570452
192.064992,69.664729,30.303715,31.659044
195.381672,73.149274,42.362614,32.329449
194.680523,69.924558,36.946461,33.400082
196.656647,74.727494,32.394650,31.543158
197.360021,77.445854,25.730867,29.290581
199.365766,84.877692,25.400019,23.778994
193.993352,81.598416,36.153286,28.568830
198.272861,78.752704,31.698500,29.589569
198.814260,80.715344,26.014215,28.365728
191.558726,81.748373,57.016594,36.829800
199.912842,85.483661,37.753185,34.369049
196.447783,83.025110,50.133026,41.065693
201.532509,88.794229,44.844326,34.714115
206.745974,90.828911,33.395195,30.950048
207.950108,91.820707,27.969509,30.312984
205.731684,93.496032,42.351212,32.499146
206.292038,93.534278,45.246540,34.668732
203.885714,93.213703,46.439362,38.531395
205.691599,94.209379,64.548096,44.657703
218.588386,98.725166,30.439169,37.390854
210.172980,101.098516,42.911034,34.191853
210.830842,102.101404,52.617832,34.942104
219.810337,101.977110,27.495497,31.544191
218.917718,107.964939,19.378786,24.492683
218.237633,113.089861,33.025333,25.408062
220.214289,110.993803,39.637741,29.512608
222.510380,112.447345,32.431484,32.139580
223.506644,112.422784,41.757927,34.918118
225.595249,116.083824,30.664213,33.725815
226.614838,116.399343,45.280003,35.386326
229.796502,117.331371,49.285786,35.917442
224.989121,119.193973,57.348042,37.045647
233.118664,117.147308,44.774532,39.163513
230.011162,118.951295,49.176273,34.552959
231.162102,121.108747,35.641621,32.487049
234.224666,124.612632,30.615690,32.220398
230.713753,121.940515,52.286381,38.249241
233.369401,125.468490,47.198521,35.543602
231.860817,127.407795,43.775471,35.097595
241.798068,129.117004,36.969635,36.882896
244.448576,130.582514,29.290749,29.952074
245.539263,134.421386,34.801308,29.535423
246.837248,133.033865,35.683212,32.671307
248.354009,135.355333,25.799379,30.764561
247.402746,138.429242,31.713556,27.971472
249.418583,137.085580,37.606014,32.202221
244.274701,134.779312,42.452694,34.414032
241.456606,136.804311,45.146164,35.718830
244.156914,133.359014,54.293400,40.885899
231.278105,135.633398,79.881447,43.723209
251.161347,140.053701,42.814548,38.302876
257.282628,142.567270,25.245586,28.981838
256.675913,151.150239,16.216660,19.175550
255.932427,152.750139,28.817715,22.855572
257.725170,148.312900,25.338675,24.972458
258.120357,151.591826,17.485876,21.160959
258.493123,155.788656,19.805828,18.766323
258.944258,154.347174,31.761909,22.733828
257.683169,152.857904,28.616272,23.543079
258.268016,151.272761,30.416677,26.089258
262.087342,149.110501,27.137234,28.606047
261.956708,152.022274,29.246014,27.748985
262.707164,152.258056,27.422506,27.872833
255.773221,149.799085,44.552616,36.924488
236.801833,141.308858,72.386780,47.939930
249.872325,150.814573,99.744759,49.240940
255.320502,149.058185,101.571732,53.080559
327.403040,157.004833,47.085426,49.573341
319.727355,163.144231,46.661606,41.959385
330.763610,167.686325,30.126524,36.332687
333.100729,167.795688,29.161272,37.499580
333.515351,168.356678,36.164043,38.415398
332.980317,172.756324,34.209011,34.082138
335.534255,169.570863,32.268387,36.571819
335.949095,169.089298,30.963089,38.363152
337.130832,174.596878,30.003866,33.663040
339.487275,175.662929,37.387417,35.239021
339.289336,176.024267,32.222595,36.618229
340.819159,176.496502,31.906891,38.080009
341.464979,174.365945,30.993517,38.699398
340.673524,176.481645,31.298487,38.331646
341.874983,177.750265,28.928467,37.183613
341.512185,178.676612,29.365047,36.512589
343.013139,184.014126,28.362146,30.921682
342.276793,179.374944,30.845917,35.089046
343.074509,178.703699,29.480648,36.128284
343.807814,182.995457,29.933701,31.504622
344.096318,179.815981,32.089939,35.492565
324.813698,171.776441,56.629482,42.212627
350.739879,182.203510,30.138327,32.834900
349.594452,179.324981,32.486126,35.640076
340.682198,173.500684,43.922726,40.584675
295.906043,175.750425,26.496216,32.961704
295.016305,177.754091,26.052164,28.651577
296.607736,177.988754,25.746729,27.215401
295.964871,179.113261,25.344639,25.177286
292.270737,179.346742,29.473057,26.891331
296.828778,179.964690,24.012882,25.603937
297.633209,181.982006,23.245413,24.906090
295.192586,181.509497,31.830105,26.323915
295.197800,178.217809,33.159611,30.256634
298.613991,177.240195,32.537128,31.611582
280.130259,168.461181,53.767242,37.951012
266.147296,135.173647,43.110794,39.005657
253.368567,134.282867,70.458855,53.435913
235.261633,131.919014,108.241951,71.930679
191.073535,116.803665,138.013840,82.488220
138.802191,92.883606,99.510689,64.863770
108.601599,75.781068,57.256935,59.175900
112.800353,82.623697,78.775139,58.891064
104.392109,80.777097,55.711819,55.326054
56.132407,79.976616,102.293114,54.672180
112.627429,79.283645,87.592072,59.486801
99.450854,68.815727,98.240784,72.128113
99.182383,67.028640,100.391495,77.538742
112.009951,64.978668,104.891571,78.783951
177.502074,103.835367,62.021065,50.683865
194.270541,106.226156,38.675049,36.281605
197.161461,111.331668,20.933506,21.435556
201.022802,111.050305,21.765757,20.207495
201.707047,112.065302,17.778095,18.476023
202.689696,110.945597,19.974525,19.110300
202.759323,111.303385,18.213522,19.289087
204.866788,110.344113,26.941645,20.683027
202.977453,112.163256,18.610094,19.282595
204.569851,111.347457,20.380550,19.391489
203.894515,113.165736,20.480499,20.661089
205.277092,113.043320,21.477545,20.072767
206.129217,114.069589,18.158968,19.001507
206.706382,113.610938,26.396742,19.877581
206.306523,112.480665,33.167820,24.681545
204.671207,116.104726,31.458349,25.009541
209.509770,116.438717,20.990467,20.879059
211.599024,115.161688,24.250946,20.074427
212.644345,117.595610,18.773632,18.441500
212.179135,118.097053,23.288288,20.720177
212.996832,118.561381,18.286118,18.288065
214.160304,117.385030,22.722298,20.896763
214.127667,117.505333,18.835331,19.265137
214.785681,116.178657,20.138695,18.852829
214.738311,116.345695,19.111082,19.661888
216.214311,116.516446,20.614664,19.262365
215.224742,116.193090,20.489340,19.995258
216.616240,115.776302,21.794388,20.643242
217.835017,116.402652,16.798210,17.488609
217.786335,117.079064,19.732168,17.663908
218.373809,119.108703,18.981184,15.774064
219.003939,118.882902,19.652252,17.341778
219.769340,118.666938,25.452894,19.801987
221.888595,120.643206,18.418524,18.914583
221.302850,121.286824,21.099474,20.139494
222.652153,122.631206,20.082045,21.214912
223.167817,122.452617,21.128017,18.711929
221.953692,123.083894,22.139725,21.801914
222.433310,123.088886,18.630844,19.067024
222.586560,122.685703,19.452305,18.671837
222.731267,122.276951,21.382372,20.316359
223.035675,123.249170,18.163488,19.176914
222.453797,123.302946,20.594471,19.861340
222.544941,122.695351,23.247618,19.676245
222.018351,122.914878,21.088509,20.508585
221.962112,123.921976,18.055441,18.876476
222.587970,124.090459,19.070700,17.341572
223.026525,125.350022,19.736742,17.651915
224.761833,123.749743,28.781332,21.580256
223.151190,125.817943,21.269836,20.737526
224.153175,125.732050,21.463781,18.485020
223.554980,126.835673,20.693359,19.851244
225.238697,126.500080,19.744886,19.334541
225.303860,127.009120,20.677647,20.925249
226.478343,128.224332,21.167473,20.300854
226.786045,127.246818,20.201361,18.793022
227.756042,126.553619,21.138273,19.626060
228.451776,127.663730,21.388430,20.701752
