241.400000,110.600000,4.200000,11.400000
239.788949,110.052578,10.000000,12.438213
240.097802,108.712851,10.000000,13.539896
239.235876,108.575642,10.000000,13.818632
239.612257,109.715876,10.000000,13.484129
239.213907,109.212514,10.000000,13.032442
238.684233,108.489312,10.000000,13.736793
238.636909,108.444633,10.000000,14.109013
237.837369,109.487846,10.000000,13.424015
238.041364,105.671070,10.000000,15.806277
236.884010,108.213009,10.000000,14.082622
237.123796,107.823301,10.000000,14.585458
236.678695,106.786871,10.000000,14.949306
236.514522,109.472160,10.000000,12.689267
235.546675,109.466989,10.000000,12.719953
235.182723,110.313362,10.000000,12.060406
235.444082,110.262046,10.000000,12.664602
235.294707,109.795795,10.000000,12.474144
234.358672,110.006214,10.000000,12.212181
233.811270,110.329678,10.000000,11.996001
233.487231,110.574248,10.000000,12.382830
233.011689,110.433414,10.000000,11.875904
232.602292,110.186023,10.000000,12.615335
232.045951,109.975495,10.000000,12.644271
231.136234,109.945784,10.000000,12.215822
230.355472,108.991594,10.000000,13.219007
230.685332,109.194847,10.000000,13.272624
228.502282,110.497028,10.000000,12.665802
228.445542,110.019554,10.000000,12.352573
227.999943,110.527610,10.000000,11.554132
227.387535,109.635115,10.000000,12.251902
226.274655,109.182055,10.000000,13.879863
227.248627,109.625563,10.000000,12.996202
226.436022,109.541180,10.000000,13.412325
225.120784,109.035394,10.000000,13.585382
224.335574,110.451982,10.000000,12.711785
224.367586,109.054622,10.000000,13.420235
222.990877,107.574323,10.000000,14.668726
223.002241,108.633605,10.000000,14.409081
221.628369,109.821609,10.000000,13.177938
221.152005,110.617863,10.000000,12.725407
220.712639,109.917179,10.000000,13.010185
219.563771,110.617283,10.000000,12.772552
218.842317,110.289930,10.000000,12.680691
218.518496,109.845124,10.000000,12.307876
218.115138,110.625436,10.000000,12.792516
217.507078,110.191317,10.000000,12.377249
216.470932,109.710200,10.000000,13.149496
215.850933,110.368362,10.000000,12.938976
214.621124,109.784570,10.000000,13.136502
213.670839,110.875969,10.000000,12.536193
213.814529,110.261267,10.000000,12.135815
213.350886,109.998283,10.000000,12.743325
212.988384,110.860110,10.000000,12.412028
212.492804,109.790192,10.000000,12.675486
211.703003,109.981664,10.000000,13.212487
209.896134,109.748516,10.000000,12.911342
209.525384,110.561845,10.000000,12.705518
208.599991,110.130904,10.000000,12.736781
208.249435,110.859318,10.000000,12.532928
207.943495,109.620559,10.000000,13.009530
207.553282,109.673826,10.000000,13.270882
206.923990,109.788800,10.000000,12.922102
205.907848,110.129256,10.000000,13.056742
205.567202,109.551216,10.000000,13.088993
204.705572,110.067684,10.000000,13.078258
204.424471,109.609816,10.000000,12.923212
204.510575,110.533002,10.000000,12.598837
203.658705,110.667475,10.000000,12.715603
202.574049,109.919236,10.000000,13.198279
201.685704,109.384738,10.000000,13.055792
201.200098,109.861016,10.000000,13.011747
201.077387,110.253629,10.000000,13.303391
200.145586,110.463804,10.000000,12.928841
200.470295,110.121637,10.000000,12.783326
200.437724,109.257963,10.000000,13.207108
199.765441,109.676499,10.000000,13.078558
198.683591,109.702383,10.000000,13.344172
198.908909,109.237197,10.000000,13.113317
197.999010,109.616911,10.000000,12.904636
198.266450,110.333472,10.000000,12.171115
197.635493,109.868117,10.000000,12.580877
197.861796,109.576047,10.000000,12.761591
197.083023,109.877294,10.000000,12.895107
197.173146,110.010790,10.000000,13.054358
197.040243,109.213278,10.000000,12.943031
196.511787,109.636624,10.000000,12.484125
196.062601,109.812781,10.000000,13.341941
195.578588,109.282935,10.000000,13.249453
195.673507,110.071521,10.000000,13.167970
195.268221,109.792639,10.000000,12.433651
195.093447,110.095513,10.000000,11.940882
195.159340,110.608260,10.000000,12.199746
194.821039,110.683575,10.000000,12.262831
195.311930,110.468221,10.000000,12.646231
194.989277,110.109960,10.000000,12.869817
195.516071,108.828404,10.000000,13.278510
195.377485,109.397141,10.000000,13.293143
195.382182,108.690718,10.000000,13.493904
195.389825,109.123777,10.000000,13.518894
195.410266,109.277178,10.000000,13.741851
195.604954,109.472984,10.000000,12.431520
195.762675,108.215951,10.000000,14.684575
196.049833,107.532144,10.000000,15.139282
195.989629,109.005228,10.000000,13.947876
196.252151,109.746957,10.000000,12.770288
196.456744,110.209889,10.000000,12.755797
196.934906,109.581712,10.000000,12.761457
196.554219,110.642385,10.000000,11.990036
196.291680,109.977330,10.000000,12.239328
197.095312,108.808490,10.000000,13.155782
197.698775,108.980588,10.000000,13.992211
198.621124,108.239728,10.000000,13.266721
199.611220,108.561205,10.000000,12.930331
199.727402,107.777825,10.000000,13.313765
200.942337,107.701163,10.000000,13.388643
202.161589,107.852622,10.000000,13.234850
201.660362,107.607677,10.000000,13.481476
202.768845,107.956480,10.000000,13.561417
203.117225,108.773455,10.000000,13.822580
203.782057,109.841460,10.000000,11.979929
203.513799,110.095627,10.000000,11.818352
202.844025,110.070502,10.000000,12.005491
203.602217,110.180713,10.000000,12.022267
203.371577,109.608362,10.000000,12.723346
204.470010,109.897486,10.000000,12.269424
204.024031,109.400037,10.000000,12.234353
203.063284,109.235768,10.000000,12.867403
203.832230,108.906907,10.000000,12.812025
203.243746,109.810568,10.000000,12.659184
203.479845,109.226996,10.000000,12.939402
203.857563,109.426071,10.000000,12.331593
203.412632,109.438408,10.000000,12.784808
203.409434,109.053980,10.000000,12.964637
202.977285,109.015034,10.000000,12.684855
202.464614,110.051913,10.000000,12.549459
202.378174,109.097226,10.000000,12.811853
202.808483,109.127573,10.000000,12.606777
202.519539,109.703348,10.000000,12.408381
201.938900,109.773951,10.000000,12.621722
202.201096,108.996292,10.000000,12.700233
201.678178,109.694997,10.000000,12.957975
200.936388,109.466198,10.000000,12.616806
201.549506,109.613697,10.000000,12.603165
200.786487,109.604855,10.000000,12.833639
200.552186,110.000938,10.000000,11.930717
200.128902,109.587081,10.000000,12.444292
200.112581,110.042484,10.000000,12.446594
200.070665,109.751523,10.000000,12.122808
199.760024,110.191208,10.000000,12.294640
200.443851,109.361033,10.000000,12.519958
200.227169,109.832352,10.000000,12.446589
200.023097,109.260107,10.000000,12.369384
199.864531,109.617551,10.000000,12.510244
200.535395,110.059410,10.000000,12.684643
200.088271,109.831035,10.000000,12.742771
200.535233,109.859221,10.000000,12.511087
200.788077,109.170737,10.000000,12.447962
201.189640,109.553442,10.000000,12.470707
200.898284,109.427474,10.000000,12.708627
201.259848,109.155133,10.000000,12.636580
201.551316,109.268114,10.000000,12.929862
201.638996,108.730631,10.000000,13.144866
201.881898,109.285993,10.000000,13.155087
202.335035,109.437037,10.000000,12.366263
202.540223,109.813458,10.000000,12.462501
202.715606,108.751581,10.000000,12.925617
202.513810,109.677212,10.000000,12.752407
202.468168,109.579018,10.000000,12.599089
203.041508,109.495645,10.000000,13.072572
203.419942,108.812076,10.000000,13.396698
203.698933,109.035638,10.000000,13.033101
204.081834,108.405536,10.000000,13.173512
204.997045,109.171034,10.000000,12.901962
205.160728,108.794791,10.000000,12.630736
205.139133,108.825448,10.000000,12.596041
205.404867,108.046772,10.000000,13.437263
206.095649,109.279809,10.000000,12.942778
206.376739,109.198551,10.000000,12.441955
206.429932,109.154608,10.000000,12.682208
207.188320,109.628604,10.000000,13.048483
207.365469,109.314027,10.000000,12.588400
207.109483,109.227617,10.000000,12.569538
207.200608,109.273771,10.000000,12.323784
207.705931,108.703075,10.000000,12.618844
208.637971,108.585829,10.000000,12.371806
208.819100,108.833946,10.000000,13.323613
209.148184,109.079045,10.000000,12.506849
208.954199,108.070553,10.000000,13.011367
209.610059,108.254578,10.000000,12.915117
209.211384,107.512885,10.000000,13.923913
209.832387,109.142635,10.000000,13.189072
209.746404,107.804026,10.000000,13.505012
210.172082,108.834682,10.000000,13.062997
210.446951,108.685056,10.000000,13.265722
210.460265,108.118244,10.000000,13.007548
211.301838,107.988150,10.000000,13.092765
211.504825,108.234921,10.000000,12.675330
211.166055,107.846024,10.000000,12.842727
212.145715,108.685041,10.000000,13.044521
212.606397,108.176887,10.000000,13.292389
212.398378,108.268066,10.000000,13.302227
212.492625,108.800582,10.000000,12.785421
213.434912,109.046462,10.000000,12.375653
212.956576,108.401652,10.000000,12.408628
213.373616,109.345593,10.000000,12.076708
213.281456,109.165193,10.000000,12.348721
212.439666,108.476513,10.000000,12.531634
212.393589,109.627604,10.000000,11.841846
212.906054,108.309096,10.000000,12.461977
212.625143,109.316310,10.000000,11.923299
211.661459,109.529012,10.000000,11.788629
211.220584,108.933999,10.000000,12.589373
211.197776,107.975983,10.000000,13.071321
211.231951,108.082317,10.000000,12.903317
211.142522,108.147959,10.000000,12.568984
210.293687,108.581392,10.000000,12.773881
210.633917,109.256310,10.000000,12.191786
209.927515,108.902704,10.000000,12.490032
209.907619,108.126648,10.000000,13.046046
209.068738,108.927750,10.000000,12.246482
208.380162,109.248343,10.000000,11.723387
208.729649,109.978355,10.000000,11.567643
207.936836,109.378391,10.000000,11.718792
206.057319,109.451131,10.000000,12.127069
206.109427,109.699279,10.000000,11.635252
206.515146,108.489453,10.000000,12.302028
204.019431,108.725829,10.000000,13.114106
204.490105,109.576464,10.000000,12.504677
204.036418,110.494396,10.000000,11.616123
204.560345,110.360898,10.000000,11.455400
204.145872,109.461434,10.000000,11.562490
203.222472,109.385326,10.000000,12.358036
202.363861,109.421974,10.000000,12.277978
201.894903,109.653979,10.000000,11.793933
201.226934,108.359802,10.000000,12.659866
200.667650,108.506276,10.000000,12.991854
199.528691,108.973868,10.000000,13.115633
199.175153,109.190054,10.000000,12.301521
199.200152,109.508666,10.000000,12.248502
199.165425,109.402786,10.000000,12.610584
198.554655,109.758488,10.000000,12.269568
198.513568,109.969108,10.000000,12.234482
198.139462,108.927630,10.000000,12.573824
197.466222,108.461360,10.000000,13.107691
197.614014,109.588499,10.000000,12.475048
196.905440,109.595955,10.000000,12.458473
197.084301,109.228477,10.000000,12.982658
196.805944,108.751923,10.000000,12.488115
197.060436,109.260907,10.000000,13.248532
196.141883,108.696314,10.000000,13.498969
196.386911,107.665087,10.000000,13.933102
197.040613,107.379968,10.000000,13.872319
196.559044,107.827364,10.000000,14.387996
196.291600,108.104766,10.000000,13.605981
196.439049,107.896047,10.000000,14.536130
196.698334,107.621969,10.000000,13.678669
197.103156,108.257081,10.000000,13.576536
196.601941,107.838534,10.000000,13.351980
197.271802,109.047734,10.000000,12.881456
197.656215,109.707001,10.000000,12.584521
197.393560,109.843444,10.000000,12.419225
197.149720,109.280470,10.000000,11.939495
196.932762,110.270110,10.000000,11.833695
196.588483,109.843392,10.000000,12.097410
196.228620,109.932178,10.000000,11.815259
197.036458,109.402956,10.000000,12.206852
196.351582,110.184774,10.000000,11.573449
197.175724,109.693637,10.000000,12.028784
197.067522,109.687623,10.000000,11.811594
197.126033,109.773438,10.000000,11.566962
197.358953,109.372173,10.000000,11.953229
197.708292,110.317389,10.000000,11.988920
196.916234,109.952388,10.000000,12.248647
197.469928,109.416301,10.000000,11.916650
197.445311,109.931519,10.000000,12.436659
197.203037,109.303008,10.000000,12.102892
196.731397,108.663423,10.000000,12.944988
196.650259,109.049822,10.000000,13.009960
196.615264,108.470482,10.000000,12.679077
196.290691,107.999680,10.000000,13.340334
196.261400,107.818608,10.000000,14.199450
196.680188,107.525192,10.000000,14.136200
196.031359,106.906524,10.000000,14.187069
196.541228,107.777058,10.000000,14.277208
195.969036,108.177733,10.000000,13.406328
196.834651,108.048259,10.000000,14.190320
196.375811,108.438077,10.000000,13.139841
197.222923,108.738199,10.000000,12.725472
197.251744,108.871954,10.000000,12.890597
197.280777,109.460444,10.000000,12.697036
197.603068,109.268072,10.000000,12.228722
197.357811,109.475707,10.000000,12.137354
197.231271,110.050465,10.000000,11.768068
198.093183,109.318232,10.000000,12.308020
197.187026,109.527511,10.000000,12.080300
198.919504,108.480666,10.000000,12.336839
199.768114,107.970091,10.000000,13.524174
200.559956,107.555919,10.000000,13.504375
201.208885,106.986440,10.000000,12.858567
202.469645,107.740214,10.000000,12.966322
203.190556,107.688031,10.000000,12.909922
203.981444,107.380547,10.000000,13.541044
204.938622,107.214626,10.000000,13.537670
205.131418,108.213119,10.000000,13.661037
204.631835,108.593952,10.000000,12.058921
205.263216,109.063074,10.000000,11.650256
205.479455,109.466527,10.000000,11.650739
205.986249,109.941026,10.000000,11.513761
205.786146,108.804342,10.000000,12.502342
205.479600,108.350151,10.000000,12.350055
204.914881,108.609123,10.000000,12.663644
204.683542,108.718396,10.000000,12.353083
205.033359,109.467076,10.000000,12.236094
203.999311,109.084553,10.000000,12.128155
205.035264,108.502894,10.000000,12.225036
203.781703,108.972916,10.000000,12.365115
204.612672,108.535532,10.000000,12.257236
204.601084,108.949494,10.000000,12.711307
204.023476,109.046953,10.000000,12.518119
203.889024,108.832270,10.000000,12.158155
204.592442,109.601246,10.000000,12.078231
203.788538,108.971442,10.000000,11.838747
203.921375,109.092330,10.000000,12.086339
203.901601,109.324961,10.000000,12.219157
204.314639,109.595666,10.000000,11.544516
203.756876,109.300962,10.000000,11.831742
203.579882,109.260452,10.000000,12.461300
203.688252,108.992404,10.000000,12.317591
203.641189,108.609409,10.000000,12.272732
203.530075,109.324840,10.000000,12.438042
203.427366,108.906381,10.000000,12.491082
203.243453,108.070501,10.000000,13.058812
203.521412,108.602992,10.000000,12.761747
202.563859,108.686890,10.000000,13.172988
202.647692,109.410923,10.000000,12.842018
202.712077,108.936499,10.000000,12.819499
202.680609,109.507582,10.000000,12.873443
202.982191,108.857391,10.000000,12.946881
203.549175,109.461391,10.000000,12.737939
203.334338,108.610889,10.000000,12.898842
204.136807,109.238985,10.000000,12.535438
203.269206,108.839755,10.000000,12.823033
204.173964,109.387599,10.000000,12.756371
204.010102,108.499602,10.000000,12.966052
203.887980,108.536535,10.000000,13.297688
204.192821,108.733263,10.000000,12.615237
203.862983,108.373833,10.000000,12.881071
203.831795,108.926005,10.000000,12.644342
204.214899,108.663213,10.000000,12.897679
204.484554,109.473284,10.000000,12.645313
204.424299,109.398400,10.000000,12.786296
204.955988,109.050953,10.000000,12.689320
204.706778,109.486405,10.000000,13.046123
204.095967,108.871030,10.000000,13.173631
204.723715,109.259786,10.000000,13.246250
204.651291,109.367259,10.000000,13.058530
204.232525,108.808926,10.000000,13.212099
204.894967,109.314374,10.000000,13.338167
205.231258,109.602251,10.000000,12.929993
205.406095,108.910835,10.000000,13.424969
205.134295,108.648363,10.000000,13.460445
204.967846,108.577662,10.000000,13.326998
206.006573,108.510316,10.000000,13.328287
205.003744,108.556029,10.000000,12.979037
205.907762,109.494818,10.000000,12.693312
205.736156,108.706307,10.000000,13.067801
205.684154,109.233877,10.000000,13.133992
205.813306,108.680501,10.000000,12.887011
206.007244,109.180134,10.000000,12.888084
206.428151,108.680977,10.000000,12.885872
207.157342,109.543371,10.000000,12.936874
206.518122,108.702005,10.000000,13.584320
206.835515,109.231163,10.000000,12.715099
206.730908,108.485162,10.000000,13.191159
206.839139,109.360668,10.000000,12.968205
207.098029,109.016223,10.000000,13.028074
207.435185,108.601216,10.000000,13.223498
207.924763,109.459034,10.000000,13.107513
207.335902,109.265313,10.000000,12.984343
208.170548,109.064630,10.000000,12.884557
208.020346,109.019985,10.000000,12.528152
207.490764,109.175275,10.000000,12.849565
208.421418,108.823969,10.000000,12.963802
208.408303,109.345516,10.000000,13.306946
208.010347,109.801222,10.000000,12.820141
208.133997,109.664549,10.000000,12.625945
207.958189,109.682315,10.000000,12.918324
208.112598,109.801888,10.000000,12.343833
208.179254,109.783291,10.000000,12.661121
208.488165,109.398893,10.000000,12.758198
208.714324,109.045602,10.000000,12.799517
208.256783,108.756242,10.000000,13.792097
208.231559,108.905046,10.000000,13.309258
208.149415,109.258094,10.000000,12.774210
208.357738,109.433949,10.000000,12.236789
208.331043,109.653064,10.000000,12.471395
208.331881,109.479089,10.000000,12.895342
208.577066,109.219408,10.000000,12.775135
208.093805,108.601413,10.000000,13.055856
208.267091,109.243496,10.000000,12.934218
208.451924,108.962753,10.000000,12.762344
208.571718,109.165412,10.000000,13.340444
208.321022,109.459438,10.000000,12.832730
208.359605,109.376428,10.000000,12.505306
208.143475,109.130673,10.000000,13.073408
208.223183,109.093335,10.000000,12.621233
208.076817,108.340966,10.000000,13.585639
207.734641,108.453371,10.000000,13.172634
207.704601,109.334249,10.000000,12.800847
207.666958,109.216852,10.000000,12.514014
208.000713,109.345142,10.000000,12.795990
208.174996,109.151015,10.000000,12.583593
207.882383,108.860426,10.000000,13.100567
207.857989,109.473376,10.000000,13.138353
207.902654,109.265540,10.000000,12.836576
207.841776,109.066265,10.000000,12.655331
208.099631,108.623407,10.000000,13.368226
207.774338,108.794305,10.000000,12.984724
207.831515,109.538074,10.000000,12.832630
207.876742,109.305623,10.000000,12.645498
208.167779,109.478112,10.000000,12.721575
208.166223,109.051552,10.000000,12.812613
208.239347,109.749611,10.000000,12.777026
208.293903,109.296331,10.000000,12.827256
208.297290,108.835630,10.000000,12.929952
208.377892,109.548995,10.000000,12.898153
208.442792,109.336499,10.000000,12.672923
208.541178,108.905769,10.000000,12.770234
207.906096,109.775293,10.000000,12.643162
208.286005,109.210872,10.000000,12.439588
208.097685,109.243080,10.000000,12.708168
208.052088,109.246544,10.000000,12.340042
207.791512,109.060711,10.000000,12.952457
207.795799,109.036500,10.000000,12.489225
208.157587,108.618893,10.000000,13.199241
208.201429,109.412578,10.000000,13.008561
208.224498,109.207988,10.000000,12.747065
208.364627,109.195997,10.000000,12.384889
208.081095,109.169806,10.000000,12.783659
208.088930,108.886938,10.000000,12.674338
208.204441,109.004362,10.000000,13.345099
207.933421,109.379112,10.000000,12.797455
207.866938,109.075244,10.000000,12.720003
207.902688,109.346778,10.000000,13.199899
207.906181,109.120445,10.000000,12.866096
207.950461,108.825409,10.000000,12.752571
208.048542,109.379941,10.000000,12.994950
208.092324,109.053650,10.000000,12.857787
208.172547,109.596935,10.000000,12.987596
208.179360,109.687706,10.000000,12.389670
207.986376,109.470916,10.000000,12.983964
208.092788,109.231651,10.000000,12.763081
208.085188,108.790209,10.000000,12.866524
208.199782,109.224931,10.000000,13.077959
208.241321,109.268750,10.000000,12.501539
207.974507,109.130266,10.000000,12.928555
208.019511,108.666576,10.000000,12.954820
208.052124,109.037682,10.000000,13.240355
207.751164,109.504560,10.000000,12.630063
208.223379,109.814851,10.000000,12.610865
208.007276,108.807741,10.000000,12.746437
208.144638,109.407609,10.000000,12.884393
208.136237,109.121309,10.000000,12.732438
208.202587,109.450700,10.000000,13.133642
208.287397,109.262683,10.000000,12.753046
208.341498,108.920189,10.000000,12.723510
208.383757,109.594566,10.000000,12.854767
208.429873,109.075573,10.000000,12.942223
208.439861,109.119586,10.000000,12.399751
208.139630,109.098684,10.000000,12.748562
208.198505,109.271663,10.000000,13.348530
207.823311,109.276228,10.000000,13.159431
207.880231,109.072053,10.000000,12.801649
208.047158,109.488445,10.000000,13.150261
208.009522,109.328347,10.000000,12.745442
208.031069,109.054623,10.000000,12.637698
207.823620,109.195902,10.000000,12.697617
207.898038,108.865122,10.000000,12.663284
207.980008,109.499076,10.000000,12.864435
208.052871,109.356908,10.000000,12.573683
207.780374,109.484715,10.000000,12.732184
207.793411,109.154259,10.000000,12.711014
207.639603,108.804014,10.000000,12.742038
207.691744,109.434260,10.000000,12.835769
207.697352,109.421231,10.000000,12.384886
208.095957,109.346593,10.000000,12.839192
208.121226,108.950614,10.000000,12.833364
208.252298,109.666341,10.000000,12.825345
208.324805,109.549481,10.000000,12.481299
208.021829,109.381366,10.000000,12.945863
208.017022,108.895428,10.000000,13.000170
208.165990,109.165442,10.000000,13.345382
207.731709,109.513567,10.000000,12.780776
207.797882,109.288899,10.000000,12.635378
208.327056,109.248725,10.000000,12.954003
208.490130,108.912404,10.000000,12.870152
208.744841,109.451313,10.000000,12.932468
208.362200,109.263595,10.000000,12.696960
208.575758,108.974390,10.000000,12.649670
208.652240,109.039789,10.000000,12.803277
208.329297,108.969410,10.000000,13.483299
208.334652,109.479704,10.000000,12.756100
208.810392,109.558213,10.000000,12.306769
208.943674,109.895634,10.000000,12.389735
209.023391,108.457440,10.000000,13.198759
208.764241,109.115944,10.000000,12.937180
208.516123,108.683546,10.000000,12.945888
208.155496,108.537929,10.000000,13.582505
208.105250,108.964111,10.000000,12.822300
208.764617,109.872447,10.000000,12.552912
208.970520,109.093800,10.000000,12.564952
209.203327,109.099792,10.000000,12.789823
208.975634,109.224413,10.000000,13.359172
209.192414,109.593609,10.000000,12.832699
208.948037,109.005626,10.000000,13.039814
208.712443,108.342687,10.000000,13.202816
208.440381,108.901763,10.000000,13.193318
209.189642,109.605022,10.000000,13.124947
208.961155,109.314593,10.000000,12.896758
208.606981,108.089217,10.000000,13.735064
208.591598,109.503229,10.000000,13.207581
208.259493,109.438416,10.000000,12.718631
209.036680,109.380036,10.000000,12.468410
208.400340,109.418300,10.000000,12.756574
209.346776,109.440883,10.000000,12.285366
208.799621,109.217637,10.000000,12.867872
208.665316,109.034945,10.000000,12.605215
209.202522,109.828943,10.000000,12.094009
209.354466,109.100382,10.000000,12.812366
209.660971,108.663188,10.000000,12.922045
208.974781,108.683422,10.000000,13.637444
210.121476,109.516275,10.000000,12.523045
209.297834,110.105905,10.000000,12.393265
209.849816,109.517957,10.000000,12.279331
210.433878,109.676338,10.000000,12.579669
210.256831,109.574217,10.000000,12.964603
210.740508,109.280276,10.000000,12.794428
210.351402,107.941019,10.000000,13.580547
210.831799,108.451405,10.000000,13.996286
210.963579,109.382767,10.000000,13.175045
211.561893,108.934878,10.000000,13.071661
211.069116,110.029112,10.000000,12.415791
211.499252,109.060832,10.000000,12.751749
212.451082,109.569913,10.000000,13.141667
212.391697,109.342046,10.000000,12.932432
212.464159,109.031818,10.000000,12.975563
212.761319,108.577355,10.000000,13.121695
212.255518,108.769587,10.000000,13.482016
212.684429,109.242579,10.000000,12.837694
212.999008,108.611803,10.000000,13.079552
213.709745,108.889273,10.000000,13.241267
214.362374,108.781802,10.000000,13.089364
214.646673,109.081648,10.000000,13.194145
214.111253,108.035054,10.000000,13.768914
213.805641,108.581670,10.000000,13.484307
215.647187,108.601443,10.000000,12.894504
214.889717,108.935931,10.000000,12.941962
215.110338,109.969908,10.000000,12.285422
215.242475,108.744772,10.000000,12.517727
215.352964,107.898901,10.000000,13.104163
215.768599,108.992242,10.000000,13.089459
216.022332,108.550146,10.000000,12.363888
214.721989,109.055420,10.000000,12.811126
215.619500,109.453577,10.000000,13.099083
215.643195,108.616116,10.000000,12.982585
216.498745,108.685161,10.000000,12.900944
217.751328,108.844133,10.000000,12.847481
217.174996,109.363488,10.000000,12.550836
217.408347,109.281016,10.000000,12.338782
217.788364,108.553145,10.000000,12.785833
217.874120,108.855743,10.000000,12.468384
218.507766,108.840925,10.000000,11.913742
217.581812,108.739971,10.000000,12.360680
217.643049,109.713255,11.330763,12.343136
218.955467,108.578591,10.000000,12.860266
219.356955,108.570459,10.000000,12.952164
219.543044,108.267864,10.000000,13.265251
219.024361,108.756606,10.000000,13.333329
218.642040,108.222119,10.000000,13.130019
218.781988,108.070100,10.000000,13.436563
219.465544,108.420715,10.000000,13.575685
219.135988,108.151834,10.000000,12.945054
219.394303,108.035929,10.000000,13.107913
219.618485,108.329397,10.000000,12.655431
219.628566,108.934415,10.000000,12.858427
218.618278,108.437557,10.000000,13.169624
218.931418,108.654530,10.000000,12.606856
219.340757,108.963267,10.000000,12.832156
219.653827,108.739443,10.000000,12.851306
219.067833,108.563305,10.000000,12.868346
219.463274,108.370552,10.000000,12.839866
219.855727,108.167146,10.000000,12.800115
219.349653,107.486310,10.000000,13.300996
219.281103,107.201428,10.000000,13.704954
218.974096,107.308708,10.000000,13.502513
219.582374,107.361350,10.000000,13.276391
219.271777,108.538713,10.000000,13.203354
219.484457,108.260790,10.000000,12.992107
219.727859,107.717744,10.000000,13.097319
218.767334,107.775907,10.000000,13.729725
219.378421,108.023487,10.000000,13.244308
218.852288,107.771716,10.000000,13.471285
219.252072,108.418582,10.000000,12.768133
219.387075,108.146838,10.000000,12.934436
219.132645,107.964064,10.000000,12.854372
218.472661,108.728704,10.000000,13.060776
218.990675,108.710311,10.000000,12.689909
218.297209,108.351005,10.000000,12.987324
218.617563,108.060961,10.000000,12.944350
218.016658,108.118895,10.000000,12.620665
217.336179,108.319398,10.000000,12.935422
217.765828,109.213091,10.000000,11.797085
217.097809,108.979557,10.000000,12.495335
216.456222,108.267243,10.000000,12.808867
216.889545,108.100462,10.000000,13.131908
216.474058,108.977262,10.000000,12.014297
216.795975,108.776119,10.000000,12.673058
216.108234,108.613811,10.000000,12.992826
216.178136,108.616352,10.000000,13.027164
216.102019,108.580410,10.000000,12.841258
215.896155,108.492890,10.000000,12.619543
215.715412,108.349383,10.000000,13.244636
215.360752,108.807381,10.000000,13.057158
215.707334,108.960072,10.000000,12.858160
214.846809,108.823159,10.000000,12.938170
214.994670,108.810020,10.000000,12.839597
215.135170,108.642560,10.000000,13.033495
215.042389,108.511439,10.000000,12.955023
215.012000,108.381293,10.000000,12.966754
214.834372,108.386686,10.000000,12.804463
214.668785,108.168167,10.000000,12.930446
214.403780,108.015974,10.000000,12.965786
214.884303,108.951175,10.000000,13.210360
214.518795,108.006339,10.000000,12.896425
214.205206,108.577657,10.000000,13.458573
214.371128,108.028290,10.000000,13.012668
214.895949,107.952101,10.000000,12.986934
214.518525,108.362258,10.000000,13.615114
214.768214,107.534427,10.000000,13.424717
215.063298,107.402533,10.000000,13.687868
214.115442,108.018352,10.000000,13.043508
214.593998,107.871324,10.000000,12.983739
223.846915,109.014108,10.000000,12.548229
224.016403,108.811210,10.000000,12.064157
223.915088,107.916214,10.000000,12.862526
222.804700,108.528743,10.000000,13.069501
223.572268,107.701229,10.000000,13.327449
220.903405,107.549121,10.000000,13.124429
214.351671,108.038359,10.000000,13.605547
214.450714,108.655901,10.000000,13.099414
215.404502,108.158888,10.000000,13.481899
214.936681,108.008659,10.000000,13.697759
215.189740,107.934396,10.000000,13.810182
222.733338,106.769189,10.000000,13.736318
214.696068,108.986875,10.000000,12.559700
214.888002,107.804556,10.000000,13.259910
214.932485,107.746418,10.000000,13.556231
214.999222,107.714814,10.000000,13.554025
215.408939,107.077273,10.282296,14.126978
215.178444,106.821484,10.000000,14.007593
215.000198,107.542148,10.000000,13.713520
213.864838,107.841219,10.000000,13.271736
215.009283,108.134706,10.000000,13.341062
213.916605,108.386897,10.000000,13.151956
223.017390,105.299114,10.000000,14.264690
222.459194,105.491456,10.000000,14.691187
214.436262,108.609322,10.000000,13.112535
215.495897,108.207192,10.000000,13.227210
214.538522,108.088049,10.000000,13.474045
214.759795,108.051493,10.000000,13.553721
215.057465,108.229755,10.000000,13.457817
214.060959,108.138794,10.000000,13.518321
214.363408,108.093334,10.000000,13.657795
214.704529,108.408864,10.000000,13.237822
214.773479,107.429180,10.000000,13.226486
214.902487,107.537912,10.000000,13.248940
214.946558,107.551567,10.000000,13.496173
215.049966,107.707614,10.000000,13.573824
214.153194,108.293850,10.000000,12.919117
214.720510,108.231369,10.000000,12.821445
214.309340,107.499518,10.000000,13.317350
214.384605,108.068153,10.000000,12.992294
214.987243,108.083808,10.000000,12.826486
214.564845,107.826256,10.000000,14.109023
214.242077,107.241094,10.000000,13.777763
214.209712,107.311864,10.000000,13.663152
214.369848,107.657326,10.000000,13.238044
214.484267,108.093915,10.000000,13.074522
215.006958,108.166653,10.000000,12.686343
214.514741,107.398579,10.000000,13.431804
214.571028,107.696921,10.000000,13.346636
214.681758,108.395819,10.000000,12.860006
214.222888,107.999692,10.000000,13.038217
214.766793,107.806766,10.000000,12.995918
214.251364,108.484756,10.000000,13.297237
214.244637,107.653280,10.000000,13.277184
214.179972,108.184226,10.000000,12.962980
214.643136,108.295436,10.000000,12.797354
214.095579,108.032880,10.000000,12.946550
214.459208,107.775170,10.000000,13.146349
214.933934,108.345315,10.000000,13.509759
214.942222,107.950801,10.000000,12.882615
214.586101,108.270274,10.000000,13.511182
214.576513,107.764544,10.000000,13.060302
214.244020,108.447116,10.000000,13.278593
214.404943,108.394523,10.000000,12.490933
214.514946,108.597786,10.000000,12.956196
214.186876,108.402872,10.000000,12.886768
214.608877,108.211269,10.000000,12.999157
214.174663,108.306891,10.000000,12.646529
214.129843,109.019265,10.000000,12.581682
214.168423,108.460131,10.000000,12.597255
214.288211,108.823068,10.000000,12.867119
214.836876,108.789450,10.000000,12.855804
214.287771,108.591483,10.000000,12.900835
214.785179,108.770205,10.000000,12.644968
214.819304,108.097938,10.000000,12.785313
214.261791,108.627527,10.000000,13.413025
214.362115,108.301378,10.000000,12.773186
214.772439,107.911623,10.000000,13.103385
214.162997,108.730741,10.000000,13.191457
214.584913,108.571762,10.000000,12.903792
213.256467,108.022113,10.000000,13.201834
214.746856,107.650543,10.000000,13.177426
214.088020,108.275946,10.000000,13.502345
213.962614,107.952930,10.000000,12.867741
214.352226,108.645758,10.000000,13.233057
214.360639,108.180706,10.000000,12.922896
214.872436,107.657495,10.000000,13.283886
214.903812,107.827787,10.000000,13.363186
214.912635,108.229521,10.000000,13.243248
215.057139,108.648595,10.000000,13.241147
214.088297,108.092943,10.000000,12.953851
214.757882,107.951994,10.000000,13.013255
214.373344,108.765724,10.000000,13.170823
214.956433,108.710184,10.000000,13.052901
214.054486,106.785372,10.000000,14.748047
214.024626,107.104976,10.000000,13.908821
214.710275,108.438222,10.000000,13.172891
214.171972,108.442551,10.000000,12.954246
214.738772,108.329389,10.000000,13.067211
213.985687,107.609903,10.000000,13.459695
215.223207,108.153690,10.000000,13.178452
214.605659,107.926524,10.000000,13.126470
214.249825,108.632126,10.000000,13.311973
214.395828,108.458051,10.000000,12.810289
214.223592,108.130730,10.000000,13.051249
214.683172,108.163881,10.000000,12.926312
213.550228,107.463967,10.000000,13.422561
214.726541,108.089550,10.000000,13.175155
214.271833,107.805161,10.000000,13.179266
214.704858,108.554171,10.000000,13.560999
214.855871,108.265838,10.000000,12.757627
214.324578,107.688809,10.000000,13.273577
214.244531,107.836557,10.000000,13.380826
214.278245,108.201171,10.000000,13.264769
214.402221,108.563734,10.000000,13.229705
214.658935,108.485405,10.000000,12.481429
214.819039,108.627500,10.000000,13.022800
214.390099,108.938584,10.000000,12.368915
214.620220,108.151774,10.000000,12.777483
214.248915,107.759647,10.000000,13.080102
214.845074,108.526943,10.000000,13.419956
215.103619,108.365069,10.000000,12.738047
214.996022,107.919931,10.000000,13.093773
214.572080,108.519932,10.000000,13.440945
214.924852,108.365616,10.000000,12.552630
215.154855,108.586202,10.000000,13.018109
214.742764,108.169941,10.000000,13.192348
214.364100,107.746086,10.000000,13.318550
214.467659,108.267844,10.000000,13.193048
215.149325,108.583315,10.000000,12.649021
214.429393,108.897347,10.000000,12.935011
215.136063,108.870759,10.000000,13.013819
214.864802,108.749371,10.000000,12.931757
214.627093,108.662396,10.000000,12.841117
214.267186,108.513773,10.000000,12.878753
214.964937,108.443792,10.000000,12.915447
214.669235,108.372798,10.000000,12.812464
214.340823,108.224156,10.000000,12.873972
215.104191,108.367628,10.000000,12.696574
214.853862,108.006509,10.000000,13.010504
214.287681,107.719917,10.000000,13.061421
214.937092,108.893192,10.000000,13.033298
214.480350,108.546106,10.000000,13.142781
215.114744,108.673171,10.000000,12.898817
214.741399,108.563031,10.000000,12.853151
214.299823,108.469270,10.000000,12.870272
214.941199,108.389927,10.000000,12.932178
214.565225,108.218363,10.000000,13.004661
214.248960,108.528218,10.000000,12.383791
214.401552,109.120242,10.000000,12.591326
214.600235,108.738029,10.000000,12.487534
214.701729,109.082721,10.000000,12.836451
214.514349,108.024180,10.000000,12.881895
214.094663,108.844275,10.000000,13.202623
214.713694,108.740414,10.000000,13.115614
214.245698,108.654766,10.000000,12.964870
214.906857,108.570113,10.000000,13.067495
214.509657,108.669496,10.000000,12.787781
213.970281,108.050019,10.000000,13.285227
215.115068,108.880725,10.000000,12.814889
214.764921,108.657502,10.000000,12.994947
214.361700,108.549708,10.000000,12.889814
214.895897,108.499360,10.000000,12.905241
214.429057,108.586151,10.000000,12.580200
214.608240,109.070393,10.000000,12.789668
214.207197,109.032965,10.000000,12.815391
214.658570,108.889474,10.000000,12.987767
214.162631,108.593396,10.000000,13.099058
214.625861,108.726573,10.000000,12.862539
214.191315,108.634281,10.000000,12.820247
214.853266,108.763601,10.000000,12.637174
214.976682,108.577998,10.000000,12.297197
215.145029,109.126368,10.000000,12.542032
214.271000,108.396084,10.000000,12.782435
214.847781,108.375937,10.000000,12.762922
214.388016,108.154043,10.000000,12.941611
214.985732,108.127363,10.000000,12.928237
214.535301,108.009618,10.000000,12.903932
214.101504,108.820839,10.000000,13.144417
214.602385,109.009941,10.000000,12.815650
214.092274,108.461526,10.000000,13.292341
214.014170,107.745340,10.000000,13.294380
214.019146,108.331827,10.000000,13.051875
214.420730,108.485632,10.000000,12.818614
214.948243,108.345887,10.000000,13.091326
214.493286,108.076089,10.000000,13.122006
215.119061,108.176441,10.000000,12.851548
214.647605,107.876862,10.000000,13.072974
214.179936,108.541702,10.000000,13.404297
214.333751,108.317712,10.000000,12.647817
214.358443,108.506683,10.000000,13.109010
214.558385,108.334839,10.000000,13.167690
213.983331,108.205563,10.000000,13.096187
214.418142,108.274791,10.000000,12.878762
214.553391,107.817204,10.000000,13.396975
213.787876,107.874364,10.000000,13.465296
214.561951,108.250798,10.000000,13.332796
214.461789,108.659856,10.000000,13.198797
214.815012,108.627054,10.000000,13.063087
214.226488,108.274004,10.000000,13.254074
214.212208,108.612663,10.000000,13.255741
214.233997,107.964242,10.000000,13.100912
214.829584,107.985574,10.000000,13.040903
214.443643,108.107771,10.000000,12.714087
214.945867,108.892309,10.000000,13.230560
215.083548,108.477186,10.000000,12.793851
214.537983,107.890185,10.000000,13.262065
214.681005,108.424928,10.000000,13.005377
214.309323,108.380912,10.000000,12.873433
214.743511,107.886409,10.000000,13.206869
214.356764,108.944641,10.000000,12.991440
214.913080,108.901159,10.000000,12.878064
214.327824,108.129730,10.000000,13.403825
214.256779,108.494452,10.000000,13.258166
214.197146,107.836731,10.000000,13.046264
214.702652,108.868964,10.000000,13.088961
214.262375,108.688703,10.000000,12.948079
214.679619,109.058289,10.000000,12.498233
214.744207,108.618615,10.000000,12.550142
214.833278,109.290850,10.000000,12.555368
214.938512,108.787519,10.000000,12.514668
215.090904,107.681722,10.000000,13.167339
214.660628,109.019033,10.000000,12.707806
214.099674,108.979884,10.000000,12.614587
214.197276,108.617614,10.000000,12.432127
214.242665,109.380257,10.000000,12.399794
214.374231,108.813840,10.000000,12.462309
214.433716,108.258357,10.000000,12.511400
214.614240,108.917561,10.000000,12.452616
214.763111,108.560487,10.000000,12.384085
214.707690,108.737855,10.000000,12.924180
214.116311,108.163612,10.000000,13.220249
214.540490,108.305952,10.000000,12.697601
214.397865,107.365651,10.000000,13.425653
214.310170,107.714497,10.000000,13.273413
214.251551,108.340595,10.000000,13.066197
214.703864,108.548727,10.000000,12.677395
214.161799,107.858563,10.000000,13.210391
214.640749,108.789556,10.000000,13.193814
214.081323,108.933425,10.000000,12.592432
214.194482,108.507001,10.000000,12.339757
214.276857,109.035030,10.000000,12.427429
214.402677,108.572369,10.000000,12.422771
214.465506,109.038775,10.000000,12.719744
214.964119,108.921655,10.000000,12.735239
214.333160,107.607397,10.000000,13.920162
214.938077,107.982351,10.000000,12.888241
214.708977,108.810584,10.000000,13.009771
214.232237,108.751819,10.000000,12.904964
214.766172,108.560888,10.000000,12.942478
214.111408,108.215715,10.000000,12.992753
214.441964,108.402280,10.000000,12.708776
214.952892,108.229013,10.000000,12.816903
214.458930,107.669600,10.000000,13.223410
214.888848,108.611980,10.000000,13.271622
214.880376,108.049424,10.000000,12.836005
214.477038,108.579101,10.000000,13.333809
214.449116,108.249589,10.000000,12.776346
214.860026,107.551852,10.000000,13.383849
214.905221,107.901412,10.000000,13.262765
214.940927,108.330014,10.000000,13.134390
214.445374,108.226517,10.000000,12.922316
214.711308,107.239569,10.000000,13.648799
214.601732,107.602672,10.000000,13.372776
214.609191,107.605862,10.000000,13.524005
214.526626,107.806211,10.000000,13.487495
214.574073,108.167774,10.000000,13.286916
214.485576,108.459844,10.000000,13.269367
214.483907,107.944960,10.000000,12.922270
214.887506,108.544849,10.000000,13.518227
214.931096,108.158664,10.000000,12.894403
214.412976,107.766394,10.000000,13.151358
214.936174,108.539577,10.000000,13.417660
214.939239,108.314349,10.000000,12.726622
214.393729,107.858185,10.000000,13.191142
214.963828,108.995927,10.000000,13.114377
214.627260,108.107537,10.000000,12.853755
214.240230,107.959457,10.000000,12.834855
214.780930,108.579186,10.000000,13.380060
214.793094,108.358078,10.000000,12.778316
214.335663,108.123564,10.000000,12.905926
214.778052,107.833822,10.000000,13.143650
214.394737,109.032180,10.000000,12.812059
214.786056,108.765462,10.000000,12.999384
214.299104,108.097907,10.000000,13.403893
214.374804,108.678591,10.000000,13.067805
214.782892,108.478806,10.000000,13.106387
214.354373,108.160823,10.000000,13.179070
214.763074,107.968116,10.000000,13.120897
214.290455,107.789216,10.000000,13.035185
214.813379,108.773475,10.000000,13.154680
214.347134,108.708163,10.000000,12.971197
214.791388,108.506074,10.000000,13.043900
214.260420,108.221866,10.000000,13.149544
214.644906,108.211545,10.000000,12.899156
214.204264,107.806824,10.000000,13.093574
214.806035,108.540306,10.000000,13.350338
214.829574,108.224460,10.000000,12.730111
214.305185,107.799119,10.000000,13.086930
214.743483,108.336558,10.000000,13.605162
214.759948,108.084681,10.000000,12.896788
214.093119,107.281496,10.000000,13.467941
214.145636,108.137392,10.000000,12.790539
214.643971,107.815774,10.000000,13.044931
214.113482,108.950392,10.000000,12.880794
214.509635,108.815783,10.000000,12.881762
214.039128,108.689811,10.000000,12.762902
214.578518,108.637120,10.000000,12.711779
213.984030,108.366562,10.000000,12.929694
214.429301,108.419794,10.000000,12.837307
214.896046,108.147376,10.000000,13.072149
214.474809,107.979594,10.000000,13.012698
214.894934,109.032728,10.000000,12.864883
214.292426,108.657821,10.000000,13.057878
214.600537,108.731619,10.000000,12.797225
214.005234,107.619762,10.000000,13.658527
213.901869,108.244617,10.000000,13.011331
214.231844,108.307064,10.000000,12.746094
214.595127,108.127082,10.000000,12.807955
213.909462,107.815356,10.000000,13.001680
214.240617,108.663810,10.000000,13.211111
214.715731,108.928859,10.000000,12.664316
214.192763,108.382579,10.000000,13.134870
214.634686,108.531637,10.000000,12.773297
213.898087,107.927819,10.000000,13.278318
214.769574,108.217689,10.000000,13.343656
214.954626,108.487437,10.000000,13.255651
214.945445,108.219575,10.000000,12.722425
214.365978,107.704866,10.000000,12.994617
214.821227,108.403663,10.000000,13.261727
214.644989,107.901318,10.000000,12.925455
214.122416,108.676058,10.000000,13.205600
214.504981,108.660696,10.000000,12.860714
214.012311,108.418185,10.000000,12.999945
214.364455,108.251268,10.000000,12.983605
214.834817,107.837725,10.000000,13.215755
214.228520,108.362744,10.000000,13.571783
214.127732,107.856547,10.000000,13.147726
214.651285,108.958720,10.000000,13.072344
214.156014,108.882873,10.000000,12.836334
214.600582,108.517414,10.000000,13.067866
214.067405,107.726515,10.000000,13.568588
213.965403,108.411053,10.000000,13.062686
214.411362,107.811989,10.000000,13.370571
214.350373,108.247326,10.000000,13.192008
214.691401,107.830424,10.000000,13.281196
214.585577,108.063319,10.000000,13.260056
214.557036,108.075532,10.000000,13.439481
214.463419,108.548340,10.000000,13.124649
214.717778,108.251784,10.000000,13.220816
214.183240,108.156508,10.000000,12.933806
214.506134,107.444518,10.000000,13.407919
214.473455,108.103541,10.000000,13.036746
214.932503,107.787076,10.000000,13.168169
214.497934,108.606910,10.000000,13.251439
214.445744,108.283578,10.000000,12.706540
214.875128,107.913942,10.000000,13.030426
214.472024,108.988186,10.000000,12.877055
215.038011,108.802847,10.000000,12.959194
214.575652,108.846011,10.000000,12.695130
214.008362,108.498011,10.000000,13.032802
214.545335,108.626004,10.000000,12.604967
214.626637,108.868222,10.000000,12.946486
214.087147,108.638895,10.000000,13.020976
214.427727,108.378294,10.000000,13.089797
214.839704,108.230886,10.000000,13.030293
214.214356,107.094828,10.000000,13.693416
214.054904,108.161941,10.000000,13.671487
213.731411,108.046778,10.000000,13.889082
213.937362,108.140625,10.000000,13.062645
214.091976,108.586572,10.000000,12.365940
213.796378,109.104481,10.000000,12.403336
214.627675,108.562177,10.000000,12.471765
214.199357,109.587935,10.000000,12.169584
213.731768,108.868712,10.000000,12.447318
214.562907,108.261257,10.000000,12.374546
214.587576,108.303659,10.000000,12.868291
213.850181,108.094159,10.000000,12.760472
214.313566,108.978059,10.000000,12.889043
214.829851,109.025621,10.000000,12.449883
215.128634,108.192162,10.000000,12.663878
215.006542,107.824666,10.000000,12.818715
214.847203,108.318289,10.000000,13.070342
214.638204,107.933092,10.000000,13.066123
214.365669,108.717538,10.000000,13.202684
215.120008,108.632597,10.000000,12.919636
215.215533,108.368050,10.000000,12.840750
215.441171,107.916570,10.000000,13.014942
215.713175,108.728535,10.000000,13.134421
214.904901,108.535539,10.000000,12.923234
215.390173,108.194228,10.000000,13.002975
215.988365,108.024560,10.000000,12.808446
215.477074,108.058651,10.000000,13.617370
215.637116,107.770739,10.000000,13.708621
215.808707,107.205031,10.000000,13.896528
215.658566,107.926587,10.000000,13.190447
215.703743,107.620603,10.000000,12.878636
215.832935,108.355243,10.000000,12.965619
216.049962,108.369887,10.000000,12.508226
216.006687,108.285437,10.000000,12.971289
216.602131,108.199668,10.000000,12.634428
216.702694,108.132283,10.000000,12.940375
216.623481,107.390557,10.000000,13.046004
217.041462,108.292638,10.000000,12.845632
217.665943,108.124280,10.000000,12.699812
217.264871,108.893665,10.000000,13.069291
218.295795,108.560942,10.000000,12.863445
218.381527,108.098231,10.000000,12.843241
218.367111,107.652795,10.000000,12.953637
218.693742,108.508891,10.000000,12.954790
218.373981,108.038837,10.000000,13.143486
219.277527,107.681346,10.000000,13.163018
219.157117,108.707434,10.000000,12.949446
219.053912,108.291198,10.000000,13.034478
218.969829,108.065308,10.000000,12.892264
219.006935,107.975416,10.000000,12.676610
219.328320,108.739520,10.000000,12.816072
219.923508,108.116760,10.000000,13.137276
219.561848,107.059589,10.000000,13.454750
220.159339,108.235452,10.000000,13.252271
219.690345,107.849370,10.000000,13.378205
220.122860,108.094184,10.000000,13.127966
220.271767,107.540546,10.000000,13.119992
221.085276,108.411742,10.000000,12.926181
220.913357,107.901657,10.000000,12.964329
221.049168,108.728223,10.000000,12.792241
221.277979,108.316466,10.000000,12.883604
221.621368,108.184958,10.000000,12.614436
221.595266,107.962890,10.000000,13.030933
221.320436,109.072766,10.000000,12.605186
221.688237,108.436381,10.000000,12.553560
222.360754,108.123642,10.000000,13.259327
222.387858,108.547157,10.000000,12.801206
223.130022,107.948642,10.000000,13.075270
223.460999,108.639807,10.000000,13.062308
224.048844,107.628170,10.000000,13.331635
223.355667,107.337229,10.000000,13.372432
224.090686,107.045566,10.000000,13.522564
223.792011,108.152922,10.000000,13.510424
224.678121,107.841779,10.000000,13.518568
224.879150,107.343656,10.000000,13.652379
224.928301,107.195610,10.000000,13.554137
225.231496,108.516813,10.000000,13.363869
224.531760,106.964894,10.000000,13.882518
224.960243,107.629240,10.000000,13.508208
226.222797,107.204837,10.000000,13.629827
225.089752,106.524534,10.000000,13.935555
226.237731,107.643953,10.000000,13.945848
227.000872,106.446428,10.000000,13.955162
227.124357,107.212352,10.000000,14.445497
226.514545,106.541479,10.000000,14.418090
227.149231,107.510643,10.000000,13.936356
227.082393,107.487704,10.000000,14.049902
227.737120,106.282789,10.000000,14.116688
227.757928,107.388326,10.000000,13.990605
227.735462,107.940873,10.000000,13.343679
228.632250,107.808486,10.000000,13.020044
228.100953,107.330159,10.000000,13.852091
228.677255,107.482840,10.000000,13.673334
229.133513,107.381275,10.000000,13.067752
228.975130,107.365028,10.000000,13.253860
229.568006,108.581919,10.000000,12.838781
229.637426,107.797105,10.000000,12.404013
229.962080,108.121495,10.000000,13.108171
243.883926,107.651658,10.000000,13.033453
243.495607,108.224538,10.000000,13.227063
243.691576,108.112972,10.000000,13.249821
243.897726,108.262811,10.000000,13.236592
243.943699,108.138677,10.000000,13.396272
243.630490,108.375422,10.000000,13.263701
243.140299,107.610688,10.000000,13.070444
243.023015,108.556658,10.000000,13.123997
242.875448,108.315356,10.000000,13.141334
242.721975,108.299685,10.000000,12.979701
242.232660,107.801807,10.000000,13.233140
241.814158,107.299493,10.000000,13.825437
241.768890,108.690082,10.000000,12.812271
240.920701,107.955041,10.000000,13.121428
242.428109,107.697143,10.000000,12.926861
242.729748,108.300607,10.000000,13.256463
242.580858,108.441600,10.000000,13.034956
241.903080,108.253666,10.000000,12.829799
240.371297,107.984033,10.000000,12.550980
241.395717,107.881298,10.000000,12.821815
233.969235,108.100382,10.000000,12.452281
234.400627,107.877136,10.000000,12.208576
234.187673,108.607676,10.000000,12.355117
234.232879,108.484680,10.000000,11.843834
235.525507,107.814757,10.000000,13.317366
235.383323,107.395593,10.000000,12.836308
243.626980,107.624414,10.000000,13.524536
235.803629,107.466817,10.000000,12.296422
243.532708,107.767024,10.000000,13.385977
243.522035,107.229448,10.000000,13.619144
243.331644,107.186532,10.000000,13.320760
241.977410,107.010991,10.000000,14.115624
237.340301,106.937416,10.000000,12.477589
237.636874,106.136817,10.000000,13.575903
238.251983,107.342276,10.000000,12.525274
237.864808,106.357524,10.000000,12.991354
238.593001,106.448947,10.000000,13.214093
238.291828,106.600269,10.000000,12.598217
238.859377,107.495724,10.000000,12.239637
239.818270,106.135724,10.000000,13.253763
241.425732,106.625927,10.000000,14.280471
240.228049,105.663801,10.000000,13.715286
240.713839,106.097277,10.000000,14.489847
240.923432,105.876739,10.000000,13.512692
242.114334,106.742511,10.000000,13.597887
242.141881,106.617052,10.000000,14.075897
241.377050,105.177819,10.000000,14.025431
242.088689,106.172531,10.000000,14.339848
241.803782,106.789056,10.000000,12.629938
242.162883,105.141095,10.000000,13.826628
242.936580,106.784905,10.000000,13.829261
242.226619,105.845970,10.000000,14.404144
242.463243,105.774433,10.000000,14.663887
242.574367,106.008620,10.000000,14.483470
242.870052,106.831631,10.000000,13.941103
242.620772,106.268383,10.000000,14.561291
243.279283,106.414621,10.000000,14.635858
243.000304,106.675142,10.000000,14.424027
242.775707,106.809445,10.000000,14.494197
243.689497,105.525227,10.000000,15.066713
243.054499,106.338197,10.000000,14.770757
242.706029,105.646430,10.000000,15.393769
243.303350,106.956872,10.000000,14.389269
244.092961,106.520927,10.000000,14.186543
243.746779,105.695685,10.000000,14.587157
244.091439,107.198938,10.000000,14.111637
244.254120,107.184915,10.000000,13.402768
244.260847,107.770042,10.000000,13.377537
244.088254,106.485961,10.000000,14.370356
244.334666,106.619263,10.000000,13.994307
244.815189,106.508490,10.000000,14.089087
243.977177,106.107817,10.000000,14.508606
244.705691,106.464863,10.000000,14.232303
243.968238,106.052335,10.000000,14.173449
244.430295,106.970517,10.000000,14.102365
244.616890,106.618903,10.000000,14.001902
244.289132,106.485617,10.000000,13.481100
244.631142,106.370754,10.000000,14.384335
244.618865,105.927754,10.000000,14.348341
245.034574,106.792494,10.000000,14.318050
245.548105,106.477692,10.000000,13.846693
244.499008,106.365021,10.000000,14.306236
245.842432,106.074693,10.000000,14.073446
245.123133,106.287568,10.000000,14.441832
245.030824,106.556876,10.000000,14.125167
245.823582,106.335198,10.000000,13.710013
245.807775,106.078713,10.000000,14.221778
245.063206,106.575151,10.000000,14.279217
245.731492,106.428371,10.000000,13.775032
245.797800,106.214107,10.000000,14.332603
245.291090,106.799494,10.000000,14.333790
245.942245,106.480838,10.000000,14.153452
245.471632,105.713095,10.000000,14.486392
245.453251,106.039756,10.000000,15.139071
245.923178,105.847421,10.000000,14.495060
245.802186,105.935128,10.000000,14.497000
245.534015,105.616475,10.000000,14.896826
245.354384,105.430936,10.000000,14.693796
245.418628,106.633990,10.000000,14.359972
245.961347,106.554499,10.000000,13.763823
245.989556,106.351491,10.000000,14.010504
245.657804,107.317617,10.000000,13.515663
245.878748,106.040375,10.000000,14.348849
245.725704,106.839694,10.000000,14.137762
245.599950,106.640400,10.000000,14.071690
245.282367,106.557812,10.000000,13.921516
245.640827,106.335656,10.000000,13.926393
244.664097,105.267788,10.000000,15.839470
244.150294,104.302076,10.000000,16.050739
244.031411,105.842307,10.000000,14.952227
243.955765,105.851189,10.000000,14.855338
245.007515,105.553788,10.000000,15.373145
244.308183,106.928141,10.000000,14.535482
243.995416,106.005235,10.000000,14.717927
244.615356,106.042280,10.000000,14.923434
244.305379,106.329736,10.000000,14.568528
243.662339,106.822342,10.000000,14.144276
243.537881,106.082111,10.000000,14.495656
243.741568,105.695816,10.000000,15.152831
254.218723,110.501090,10.000000,13.794268
244.652737,105.828428,10.000000,14.358014
243.471488,107.939145,10.000000,13.028123
245.470067,105.980236,10.000000,14.767384
244.988310,105.006797,10.000000,15.383245
243.443711,105.844044,10.000000,14.694068
247.231670,103.767636,10.000000,19.677282
247.074527,106.169685,10.000000,17.857239
244.610173,105.871832,10.000000,17.715221
242.256397,106.215079,10.000000,15.498255
244.595421,106.904962,10.000000,14.926126
242.930067,107.003577,10.000000,16.408865
242.252401,107.014318,10.000000,15.957219
241.980368,107.237240,10.000000,17.464897
241.974509,108.460664,10.000000,16.623438
240.684559,106.965125,10.000000,17.459509
240.561765,108.182591,10.000000,16.701498
240.228408,108.013122,10.000000,14.191434
240.547360,108.154740,10.000000,15.210363
238.322758,108.224478,10.000000,16.070293
239.593882,107.482467,10.000000,13.911612
237.299366,109.636969,10.000000,15.678442
236.490843,107.082793,10.000000,17.099222
241.573449,105.510655,10.000000,15.553148
239.531435,106.417506,10.000000,15.678595
241.890498,105.297798,10.000000,14.978409
242.060984,106.626852,10.000000,14.417744
241.739352,105.606036,10.000000,14.613784
233.651496,112.002767,10.000000,13.484104
231.909881,111.186244,10.000000,14.073892
230.252504,108.988746,13.598507,16.141808
230.861998,110.599265,10.000000,14.370310
228.666921,107.562134,16.225252,16.928925
242.664638,103.914424,10.000000,14.432515
243.167922,105.232061,10.000000,14.216702
242.549920,106.278183,10.000000,14.624382
244.192731,105.150712,10.000000,14.801972
242.603209,106.910827,10.000000,13.937909
241.107590,106.120812,10.000000,14.458822
242.544085,105.923771,10.000000,14.781197
243.427799,105.377384,10.000000,14.730062
242.751444,106.554309,10.000000,14.101647
243.197820,105.480246,10.000000,13.965807
243.488033,106.556575,10.000000,13.921709
243.884448,105.446910,10.000000,14.053392
243.008637,106.878175,10.000000,13.685362
242.100633,106.321717,10.000000,14.002096
243.305544,106.849451,10.000000,13.306187
242.656849,105.778602,10.000000,14.191967
242.934841,106.038880,10.000000,13.880232
243.135799,105.697748,10.000000,13.958790
243.360896,106.107638,10.000000,13.627535
243.039130,106.288576,10.000000,14.149338
243.170426,106.683951,10.000000,13.497084
242.859602,105.665963,10.000000,13.908377
242.989113,105.908089,10.000000,13.682634
243.568241,106.636835,10.000000,13.544482
242.482294,104.747045,10.000000,14.921032
243.116336,106.223550,10.000000,13.484372
242.433657,107.102722,10.000000,13.577603
242.741201,107.228473,10.000000,12.840313
242.373065,106.646907,10.000000,12.433283
242.501108,107.407126,10.000000,12.826488
241.687268,106.828487,10.000000,12.625351
242.309245,105.863695,10.000000,13.274245
242.008016,106.159984,10.000000,13.759885
241.678250,105.951120,10.000000,12.559701
241.937070,105.721303,10.000000,13.581773
241.786373,105.548795,10.000000,14.501833
241.935308,106.390659,10.000000,13.726109
241.827648,104.192764,10.000000,15.041531
241.465521,105.386057,10.000000,13.948883
241.486793,106.510741,10.000000,13.398253
240.593003,105.537349,10.000000,13.346163
241.185756,105.750943,10.000000,13.357881
240.222805,105.831008,10.000000,12.835797
241.343759,106.398159,10.000000,12.727772
240.963116,105.140510,10.000000,13.428799
240.645702,105.889663,10.000000,13.652430
239.594199,106.503941,10.000000,12.457461
239.169855,106.393533,10.000000,12.870469
238.748232,105.649114,10.000000,13.224839
238.184629,107.154259,10.000000,12.356771
237.724191,106.617545,10.000000,12.341772
238.061142,105.676889,10.000000,13.885774
237.751900,105.042970,10.000000,13.713787
238.056351,105.428464,10.000000,14.316728
237.845095,105.147530,10.000000,13.477858
238.192177,105.497386,10.000000,14.155076
237.675182,104.520669,10.000000,13.951048
236.506773,105.145837,10.000000,14.392179
236.281641,104.033896,10.000000,15.381160
237.458340,103.876483,12.241185,15.289807
234.566001,101.890659,19.492926,17.085411
230.603135,98.730406,34.416210,22.580662
255.544283,99.868395,11.406426,24.246250
238.012581,104.054330,15.584431,16.310118
240.744812,104.361719,23.255634,18.690929
250.284070,104.364482,12.394770,20.205812
235.180429,105.162260,12.741499,14.646548
233.968337,106.212200,10.000000,12.650070
234.084229,105.643535,14.819942,13.242051
233.546637,103.079632,16.069649,15.923358
246.775879,108.821287,10.000000,17.203239
245.574619,106.744521,10.000000,18.541697
244.032918,106.045551,10.000000,18.852814
242.358910,106.240286,10.000000,19.053127
242.167481,107.454890,10.000000,16.197401
240.970573,105.622452,10.000000,19.785313
241.408412,105.325945,10.000000,19.993397
239.708018,106.360923,10.000000,18.606092
238.594495,105.750924,10.000000,19.851816
236.349271,106.619797,10.000000,18.874809
235.435982,106.956837,10.000000,18.362360
233.981000,109.319699,10.000000,15.016700
232.496896,106.342003,10.000000,17.355289
232.525416,108.653748,10.000000,16.681334
230.446364,108.601947,10.000000,17.353106
229.433366,108.427054,10.000000,16.990366
227.118828,105.718379,10.000000,19.021635
226.453885,105.071967,10.000000,20.023043
225.368568,103.953405,10.000000,20.418575
225.277042,105.911400,10.000000,20.043926
224.230353,105.745905,10.000000,20.203682
223.419616,106.390996,10.000000,19.801516
221.300912,105.874842,12.700627,18.924692
219.120796,106.515297,18.692955,18.830322
217.238625,103.300456,26.328573,21.314180
220.959414,105.178823,10.000000,20.634998
219.336349,110.645417,10.000000,15.585525
222.999855,106.526704,10.000000,13.340768
218.183702,112.145354,10.000000,14.285879
216.440913,111.585095,10.000000,14.910956
215.245467,110.936505,10.000000,15.023218
214.429768,112.683721,10.000000,13.922188
213.972404,111.428360,10.000000,14.366249
223.343672,107.118142,10.000000,11.791265
218.815677,107.141342,13.084296,13.636063
218.756076,105.651125,13.878837,15.398922
209.777766,111.354080,10.000000,15.729919
209.834403,112.577487,10.000000,13.817296
208.662457,113.223828,10.000000,13.930101
207.649376,112.283168,10.000000,13.861208
206.743437,111.606319,10.000000,13.197667
206.173582,112.070346,10.000000,14.274439
205.713179,112.458638,10.000000,14.642706
205.319973,113.053130,10.000000,14.072736
204.499108,112.665851,10.000000,14.532379
203.096530,114.104217,10.000000,13.275761
201.922550,112.903398,10.000000,14.458725
201.864963,111.963603,10.000000,14.501421
201.560905,113.264655,10.000000,13.524861
200.721051,112.038460,10.000000,13.962161
200.185458,112.383283,10.000000,14.128887
199.769913,113.005118,10.000000,12.753904
198.766694,113.609781,10.000000,13.867710
198.190860,112.980496,10.000000,13.400663
197.149459,114.316549,10.000000,12.991756
196.876631,113.253551,10.000000,13.732980
196.666110,112.626405,10.000000,14.162104
195.251239,112.727299,10.000000,13.715054
195.122746,111.751524,10.000000,14.825774
194.183124,111.219964,10.000000,14.839693
193.538248,112.768622,10.000000,14.461329
193.408494,113.589286,10.000000,13.921617
193.001963,112.538509,10.000000,13.947796
191.802498,112.090187,10.000000,14.435214
191.469481,112.741813,10.000000,14.229698
190.743181,112.286884,10.000000,14.643353
189.906157,112.594400,10.000000,14.629810
189.850618,113.169041,10.000000,14.486789
189.325885,112.260020,10.000000,14.648414
188.379600,112.066216,10.000000,14.791907
187.749815,111.879019,10.000000,15.160487
186.860018,112.423878,10.000000,15.122957
185.633169,111.532142,10.000000,15.544838
185.063163,111.537041,10.000000,15.669234
185.072327,111.252466,10.000000,15.550229
184.823119,111.125965,10.000000,15.921516
184.583094,110.771624,10.000000,15.854445
184.306124,111.378954,10.000000,15.477856
184.028868,109.388248,10.000000,17.451672
182.076548,110.062030,10.000000,16.538225
181.920403,110.234124,10.000000,15.908441
181.743888,110.412263,10.000000,15.624708
181.093968,113.278918,10.000000,13.889739
180.007452,112.342734,10.000000,14.608534
178.829274,112.105848,10.000000,14.908966
179.567359,113.684346,10.000000,13.472337
179.295777,113.515247,10.000000,13.344167
178.360096,113.382241,10.000000,13.148615
177.206066,111.010717,10.000000,15.420662
174.699308,110.887899,11.423141,15.524404
175.870545,109.609325,10.000000,16.476070
176.242727,112.582503,10.000000,14.206534
175.754426,113.196094,10.000000,13.573880
175.623904,113.461559,10.000000,14.160771
174.765395,113.563407,10.000000,13.165113
171.632033,109.827072,10.626417,16.281502
172.608889,107.407290,10.000000,19.310656
164.440785,105.369014,19.274265,18.264807
152.603752,105.865136,10.000000,19.751818
154.136274,113.102526,10.000000,13.345756
153.078246,112.821822,10.000000,14.062390
152.266545,113.012135,10.000000,13.625133
150.952973,111.891324,10.000000,15.353228
150.055233,113.319392,10.000000,12.656122
147.815979,112.569411,14.566641,13.681074
145.085567,110.093775,22.553640,16.407383
167.608586,111.931012,10.000000,14.903738
167.243084,111.762480,10.000000,15.179767
166.824764,112.378217,10.000000,15.010389
165.904019,111.610098,10.000000,15.450199
148.446328,112.732442,10.000000,14.362210
148.600995,113.776088,10.000000,12.884294
147.644517,113.482475,10.000000,13.494358
147.698527,112.957139,10.000000,13.212888
147.310778,113.108985,10.000000,11.761170
146.852120,113.449509,10.000000,12.915819
145.705608,113.600742,10.000000,13.003860
144.976408,114.157672,10.000000,12.352209
145.477396,113.585307,10.000000,13.079171
145.003991,114.679445,10.000000,12.219602
143.527592,114.241988,10.000000,12.653502
141.756466,113.392311,15.638357,13.450675
159.553950,113.816770,10.000000,13.159158
159.290938,115.025951,10.000000,12.935651
159.339081,114.702474,10.000000,13.518987
157.534100,113.619598,10.000000,13.502828
152.976667,112.842527,13.726277,13.690655
151.560212,111.442567,15.149355,16.288160
139.806768,111.866724,10.000000,15.101402
139.842314,114.342100,10.000000,13.299769
139.920103,114.927498,10.000000,12.508971
139.739854,113.684066,10.000000,13.038625
138.390652,114.911435,10.000000,12.455480
136.705057,113.056156,14.135404,13.647288
134.114332,110.793087,21.681934,16.309120
151.621303,105.190389,10.000000,21.758816
151.090164,109.081507,10.000000,17.845675
151.494307,111.696202,10.000000,15.868159
135.836846,113.597366,10.000000,13.724202
135.969595,114.420926,10.000000,12.712029
135.291834,114.083380,10.000000,12.867310
135.246346,113.635801,10.000000,13.169071
134.695414,114.635537,10.000000,12.817430
132.693032,113.135253,10.965004,14.299520
132.794567,114.083006,10.000000,12.643371
148.042090,114.507468,10.000000,13.174750
148.144456,114.585084,10.000000,13.251940
147.415370,112.196626,10.000000,14.677537
146.686515,113.434173,10.000000,14.394398
142.783155,113.010622,10.917444,14.010422
131.348834,115.362710,10.000000,12.214070
129.837649,114.257155,10.523202,13.119410
144.440364,115.085084,10.000000,13.045778
144.571648,113.889479,10.000000,13.476020
143.618067,114.444865,10.000000,13.680816
143.194227,114.507441,10.000000,13.157934
140.597632,112.741637,11.275767,14.609777
139.827152,112.886890,10.000000,15.043037
140.396645,113.666723,10.000000,14.931705
138.655746,114.015629,10.000000,13.603766
140.274229,114.476079,10.000000,13.726209
139.551559,114.620009,10.000000,13.050445
138.791464,115.338707,10.000000,12.539234
138.589960,114.048203,10.000000,13.878463
137.084196,115.392048,10.000000,12.590904
134.522370,114.659233,10.994467,13.680434
134.858311,115.518565,10.000000,13.161609
133.753473,113.191486,10.966825,14.595226
133.293009,114.358683,10.000000,14.098899
130.722662,112.891280,13.488892,15.913038
134.478798,112.487426,10.000000,15.767820
134.058914,113.635212,10.000000,14.306415
133.209849,114.411487,10.000000,13.518719
133.068214,114.941631,10.000000,12.968888
131.121555,115.770143,10.560120,12.943303
131.797297,114.627693,10.000000,13.090770
119.728663,115.732642,10.000000,12.291043
119.394822,115.451430,10.000000,12.878202
119.238620,114.225860,10.000000,13.484425
118.175037,114.401985,11.953760,14.470821
115.831830,113.932648,15.700298,14.691189
115.147314,112.169347,19.512743,16.768202
114.352909,109.599182,11.742129,18.382919
114.199256,113.153959,10.058475,15.496850
115.532597,115.019129,10.000000,12.852425
114.372329,114.656400,10.000000,13.831179
114.665545,113.487427,10.000000,13.938655
112.897978,115.017550,10.000000,13.507311
113.675426,114.973146,10.000000,13.149975
112.450552,112.984569,10.000000,14.145768
112.350187,114.415408,10.000000,13.491068
110.951940,114.513029,10.000000,13.329780
111.643781,114.573886,10.000000,13.130491
110.627275,115.639146,10.000000,12.630517
109.842368,115.406026,10.000000,13.138060
109.248959,114.645634,10.000000,13.417130
106.779133,114.048884,11.909958,13.655996
106.109113,114.108278,12.544847,13.656186
103.825536,113.600862,14.961840,15.104501
102.823499,112.370006,15.640219,15.883172
96.495111,112.558001,10.000000,14.280162
98.198333,113.327359,10.000000,11.995078
98.123894,113.367209,10.000000,12.773001
96.289988,113.155644,10.838433,13.074328
97.902719,112.796180,10.000000,12.640248
98.494902,113.713357,12.621604,13.382898
94.956595,112.766268,15.460131,15.815257
99.262985,112.835668,10.396126,14.627327
101.247333,113.225229,10.000000,13.152841
102.741247,114.160219,10.000000,11.863029
102.197056,114.018668,10.000000,11.434783
102.269712,114.844330,10.000000,13.659621
101.730369,113.343147,10.000000,15.040665
101.459450,113.686565,10.000000,14.473152
101.545138,113.850634,10.000000,15.071390
100.517242,113.499200,10.000000,14.920018
100.967581,113.406060,10.000000,15.016226
90.586199,112.917895,10.000000,15.028739
89.661799,114.590972,10.000000,13.899590
87.916786,113.848329,10.000000,14.285366
90.682555,114.849384,10.000000,13.559879
91.466400,114.189097,10.000000,13.999090
92.106889,114.822171,10.000000,13.611498
91.589249,114.408953,10.000000,14.073615
91.686528,114.947750,10.000000,13.696445
92.478260,114.294901,10.000000,14.202247
92.705897,114.581837,10.000000,14.281878
93.178969,113.819610,10.000000,14.373891
93.456276,112.710042,10.000000,15.529493
94.320978,112.491810,10.000000,16.674706
94.489132,111.818143,10.000000,17.038401
93.372027,113.088825,10.000000,15.575249
93.509395,114.169296,10.000000,14.877900
92.741258,113.843310,10.000000,15.392093
92.304622,114.019133,10.000000,14.751562
92.047206,114.795033,10.000000,14.414007
91.714945,113.815192,10.000000,15.179556
91.351428,115.209090,10.000000,14.412111
92.038825,113.285824,11.955353,15.718670
98.941857,112.805693,10.000000,15.732497
98.515565,112.946658,10.000000,15.303480
98.014859,113.123358,10.000000,15.495139
96.905364,113.239678,10.000000,15.390028
95.290786,113.403764,10.000000,15.250283
95.415802,113.066071,10.682884,15.615522
96.913091,113.074193,10.000000,15.752134
97.716523,113.711234,10.000000,15.709348
97.156204,113.219285,10.000000,15.970987
95.999479,112.375837,10.000000,16.269554
96.024868,112.319690,10.000000,15.760602
94.650744,112.872062,10.000000,16.056044
103.798821,115.330757,10.000000,12.462829
100.917961,114.160294,10.000000,13.551021
95.540753,113.719653,10.000000,15.712892
94.003334,113.452117,10.000000,15.703626
94.581699,112.632106,11.531834,15.885663
91.300819,113.682835,14.296646,15.228334
93.037772,112.769495,10.845502,16.189583
93.182003,112.802363,16.086771,15.447394
93.815692,112.253529,10.000000,15.987216
108.294063,114.901019,10.000000,12.033151
108.485989,114.283410,10.000000,12.867430
108.734841,114.366009,10.000000,12.537815
109.223163,114.543309,10.000000,12.803597
109.694157,114.322746,10.000000,12.731141
110.193820,113.672079,10.000000,12.900475
111.502632,114.538821,10.000000,12.063826
111.074522,113.654115,10.000000,12.871834
112.308589,114.521176,10.000000,12.616472
112.360595,114.827688,10.000000,12.405107
112.735219,113.459300,10.000000,12.916853
112.918715,113.846586,10.000000,13.041818
113.354345,114.158384,10.000000,13.265003
113.806721,113.229091,10.000000,13.738373
114.873427,112.127516,10.000000,14.050961
115.186237,114.047396,10.000000,12.703075
116.195901,114.465911,10.000000,12.901918
116.809133,114.033383,10.000000,12.475524
117.193007,113.745732,10.000000,12.665774
117.286269,114.657714,10.000000,12.203237
117.017653,113.784414,10.000000,13.257477
116.957006,114.382581,10.000000,12.322476
118.146858,113.946118,10.000000,12.706064
118.822009,114.326377,10.000000,12.514562
119.879749,113.687958,10.000000,12.579010
120.712580,114.456541,10.000000,12.163665
121.116326,113.558215,10.000000,12.683927
121.588204,113.955143,10.000000,11.966117
121.116695,113.946039,10.000000,12.364839
121.487789,113.311860,10.000000,12.555357
121.891982,114.556126,10.000000,11.949991
122.526303,113.617678,10.000000,12.076194
122.957407,113.668498,10.000000,12.008986
123.903298,113.501338,10.000000,12.082048
124.375589,113.659812,10.000000,11.877252
125.447445,113.131363,10.000000,12.737311
126.158143,113.767771,10.000000,11.642188
126.208659,113.042438,10.000000,12.661172
126.353508,114.635505,10.000000,12.042954
126.515471,113.340572,10.000000,12.416360
126.570189,114.345904,10.000000,11.925482
126.622595,113.936119,10.000000,12.540626
127.757258,113.077383,10.000000,12.714984
128.341005,114.050834,10.000000,12.434232
129.200670,112.800634,10.000000,12.846837
129.902532,114.114380,10.000000,12.369643
130.515561,113.206002,10.000000,12.399210
130.641176,113.763438,10.000000,12.230021
130.918898,114.121199,10.000000,12.283895
131.431610,113.430145,10.000000,12.400002
131.316688,113.689636,10.000000,12.585637
131.894124,113.879735,10.000000,12.646783
133.020593,113.085373,10.000000,12.361687
132.760294,113.410081,10.000000,12.307988
134.115443,113.658675,10.000000,12.546439
134.263636,114.086210,10.000000,11.957043
134.975693,113.645908,10.000000,12.473905
135.562296,113.788563,10.000000,12.505149
135.126988,113.051350,10.000000,12.402129
134.959107,113.242572,10.000000,12.533441
135.895150,113.399948,10.000000,12.574222
137.024306,113.455570,10.000000,12.278076
136.887259,113.256866,10.000000,12.167137
138.412358,112.887200,10.000000,12.358539
138.679428,112.539067,10.000000,12.477305
138.955082,113.493861,10.000000,12.440816
139.549974,113.533246,10.000000,12.096753
138.678714,112.734515,10.000000,12.295800
139.353064,113.563151,10.000000,12.480136
139.714409,113.550721,10.000000,12.155208
140.592165,113.344262,10.000000,12.068102
141.147594,113.125248,10.000000,12.159419
141.296947,112.641267,10.000000,12.057108
142.671933,112.343498,10.000000,12.947927
142.529477,112.904476,10.000000,12.005443
142.683065,111.891551,10.000000,13.286310
143.317356,113.418252,10.000000,11.919294
143.484182,112.622707,10.000000,13.135044
143.884602,113.237891,10.000000,12.370489
144.435022,112.671494,10.000000,12.555243
144.580960,113.540040,10.000000,12.158323
145.722962,113.092420,10.000000,12.013287
146.086430,112.635461,10.000000,12.283887
146.136965,112.122257,10.000000,13.168045
147.068409,112.157305,10.000000,12.681305
147.444734,113.000303,10.000000,12.434567
147.447669,112.417943,10.000000,12.305761
147.575148,112.100751,10.000000,13.108545
147.621077,112.533209,10.000000,12.289516
148.215614,111.597947,10.000000,13.866620
149.346143,111.654154,10.000000,12.624599
149.140782,113.225958,10.000000,11.605259
149.644864,107.378077,10.000000,17.894480
147.766283,92.589361,17.094065,22.509634
135.894834,87.679513,33.193935,30.842720
140.197687,86.107362,28.317156,39.247887
138.929223,96.434104,26.203754,31.655010
147.858694,90.064494,12.793650,36.727352
151.065756,110.602356,10.000000,14.628877
152.538903,112.638364,10.000000,12.674061
152.717380,109.953721,10.000000,14.843440
153.315534,108.313936,10.000000,16.392622
153.737812,108.180291,10.000000,16.222149
154.349381,108.912881,10.000000,15.832069
155.244091,112.678829,10.000000,12.311919
155.774124,112.835669,10.000000,12.440148
156.515865,112.076655,10.000000,12.182340
156.576798,112.407915,10.000000,12.082673
156.459741,112.752387,10.000000,12.551497
157.462912,112.012970,10.000000,11.700598
158.665375,111.790622,10.000000,12.353813
158.773048,112.626867,10.000000,12.430724
159.588578,112.810304,10.000000,12.209071
159.933717,112.938088,10.000000,11.700406
160.204062,112.018259,10.000000,12.194517
159.969790,112.189358,10.000000,12.015051
160.224312,112.418451,10.000000,12.540977
160.192592,112.819137,10.000000,11.828905
161.095949,112.020983,10.000000,11.910631
162.128221,112.068684,10.000000,12.313886
162.047611,110.721642,10.000000,12.851166
163.244679,111.362019,10.000000,12.985856
163.982821,111.231221,10.000000,12.930843
164.307527,111.745498,10.000000,11.914036
164.746518,111.724340,10.000000,12.178381
164.807953,112.399329,10.000000,12.268256
164.974678,112.121852,10.000000,12.292309
165.701663,111.381492,10.000000,12.665182
165.636515,111.683975,10.000000,12.188293
166.561811,111.551541,10.000000,12.860378
166.668942,111.150427,10.000000,12.854527
167.225445,110.963072,10.000000,12.859953
168.133149,111.413383,10.000000,13.161555
168.364759,111.424743,10.000000,12.601691
168.409791,111.558124,10.000000,12.760303
168.891841,111.295931,10.000000,12.878527
168.844896,111.240965,10.000000,12.892080
169.153791,111.138943,10.000000,12.892567
170.104942,110.832386,10.000000,12.993803
170.882902,111.412206,10.000000,13.079905
171.452260,111.030407,10.000000,12.957082
172.773571,110.637746,10.000000,13.020366
172.752513,110.997206,10.000000,13.284372
173.443240,111.283849,10.000000,12.789711
173.865875,110.595529,10.000000,13.230959
173.961538,110.600978,10.000000,13.143340
174.009238,111.270759,10.000000,13.023088
174.376981,110.841788,10.000000,12.939042
175.273169,111.191395,10.000000,12.982183
175.816263,111.023789,10.000000,12.553474
176.383104,110.825673,10.000000,12.943333
177.118795,111.528778,10.000000,12.824048
177.279253,110.893939,10.000000,12.580161
177.230520,111.177879,10.000000,12.377486
177.264524,111.196409,10.000000,12.429121
177.480104,111.368525,10.000000,12.336946
177.906027,111.464783,10.000000,12.314919
178.724076,111.489260,10.000000,12.299733
178.789887,110.959439,10.000000,12.323204
180.287930,110.494055,10.000000,12.184732
180.443255,110.787793,10.000000,12.651966
181.349783,110.222291,10.000000,12.829994
182.101317,110.433248,10.000000,12.492869
181.704718,110.771794,10.000000,12.824391
181.852430,110.259175,10.000000,13.304722
182.626588,111.041716,10.000000,12.786987
182.320286,110.165564,10.000000,13.526947
183.002271,110.571494,10.000000,13.052905
183.499787,109.938350,10.000000,13.081923
184.695640,110.268629,10.000000,13.316102
185.021813,110.447977,10.000000,13.187043
185.383199,110.426407,10.000000,12.493703
185.563341,110.678115,10.000000,12.576641
185.890672,110.759325,10.000000,12.927133
185.824051,110.322013,10.000000,13.203098
185.961597,109.465836,10.000000,13.748837
186.977776,110.119593,10.000000,12.965257
187.413232,109.714358,10.000000,13.069169
188.386159,110.430943,10.000000,13.015850
188.809044,110.133988,10.000000,12.576706
189.489984,110.066250,10.000000,12.830499
190.117586,110.757660,10.000000,12.850248
189.990548,110.390293,10.000000,12.519902
190.688368,111.158620,10.000000,12.062114
190.329499,110.774537,10.000000,12.333317
190.711053,110.948225,10.000000,12.516161
191.485016,109.950709,10.000000,12.638391
191.805969,110.417182,10.000000,12.076153
191.741953,111.217515,10.000000,12.020888
192.292765,110.474181,10.000000,12.713841
193.230264,110.060348,10.000000,12.703249
193.747736,110.905349,10.000000,12.528584
194.130265,110.018017,10.000000,12.549570
193.716403,110.485562,10.000000,12.238155
194.326546,110.186512,10.000000,12.850862
194.746389,109.647503,10.000000,12.931040
195.047668,109.799039,10.000000,12.987083
195.579762,110.071270,10.000000,12.727861
195.836776,109.640275,10.000000,13.268973
196.875599,106.603347,10.000000,15.759372
197.415716,108.318023,10.000000,14.112879
197.771057,109.260060,10.000000,13.435967
198.042552,109.851891,10.000000,12.883145
198.046263,110.007095,10.000000,12.435255
197.855220,109.395023,10.000000,12.457788
199.500932,109.815190,10.000000,12.544240
199.575827,109.042234,10.000000,12.461695
199.969337,109.242281,10.000000,12.707814
200.626847,109.263346,10.000000,12.563572
200.867008,109.630528,10.000000,12.376634
201.263344,109.832614,10.000000,12.777981
201.500469,110.080876,10.000000,12.366081
201.360677,108.424300,10.000000,13.635446
201.814266,108.898276,10.000000,13.229791
202.501632,109.088377,10.000000,13.208585
202.475549,108.459252,10.000000,13.504021
203.828582,108.859875,10.000000,12.684397
204.022017,109.067842,10.000000,12.300277
204.073270,108.338199,10.000000,13.333467
205.099844,108.504086,10.000000,12.979797
205.649760,109.112820,10.000000,12.564218
205.318641,109.896653,10.000000,11.912629
205.642153,109.608445,10.000000,12.328259
206.205620,109.456746,10.000000,12.689941
206.367197,109.257175,10.000000,12.442301
206.566130,108.510553,10.000000,13.417830
207.456822,107.785169,10.000000,13.868255
208.042828,109.055663,10.000000,12.717639
207.632771,109.447483,10.000000,12.860498
207.605906,109.084389,10.000000,12.716105
207.919917,109.503144,10.000000,12.864342
208.164980,109.465010,10.000000,12.424664
208.512748,109.931207,10.000000,12.094088
208.942200,109.433412,10.000000,12.411520
209.935496,109.058597,10.000000,12.805895
211.756572,107.995031,10.000000,13.936670
210.268492,107.910089,10.000000,13.138976
211.466939,109.035398,10.000000,13.172792
218.486969,107.055569,10.000000,12.821915
219.317507,108.522947,10.000000,12.047480
212.154210,109.039947,10.000000,11.972414
212.083701,109.129674,10.000000,12.397633
211.951142,108.696569,10.000000,12.496588
212.979235,109.429205,10.000000,12.631201
213.773152,109.099303,10.000000,12.235780
214.280111,108.585905,10.000000,12.173585
214.047886,109.204433,10.000000,12.232299
214.448785,109.173941,10.000000,11.961179
215.744335,108.912175,10.000000,12.347312
215.950140,108.421274,10.000000,12.286215
216.218327,109.259661,10.000000,12.044092
216.257202,109.780440,10.000000,11.952141
216.672834,109.048236,10.000000,12.053088
216.129600,109.383544,10.000000,12.097931
224.093409,108.967339,10.000000,10.913957
223.637883,107.190518,10.000000,12.767728
221.660675,107.367829,10.000000,11.975202
222.409604,107.578237,10.000000,13.481092
219.195368,108.662381,10.000000,12.189038
219.186749,109.649330,10.000000,11.752516
220.042739,108.251583,10.000000,12.467600
219.554750,109.290256,10.000000,11.883216
219.845085,109.113165,10.000000,12.239954
222.467032,107.988987,10.000000,12.712892
223.073935,108.069810,10.000000,13.285892
221.444685,108.293821,10.000000,12.920978
223.148435,108.228306,10.000000,12.630423
222.858136,107.245795,10.000000,13.741754
223.447827,106.598903,10.000000,13.868983
229.276139,107.206701,10.000000,13.086210
223.721607,108.588064,10.000000,12.522348
224.033428,108.782121,10.000000,12.658237
224.628678,108.657597,10.000000,12.594677
225.642958,106.949977,10.000000,14.375468
225.293235,106.352519,10.000000,14.623005
226.016080,109.238356,10.000000,12.030293
226.529110,106.851545,10.000000,14.389551
226.582623,108.662995,10.000000,12.170353
233.180152,107.238121,10.000000,13.752221
227.411031,107.432876,10.000000,13.192137
228.260027,108.897061,10.000000,12.289848
228.206315,104.304809,10.000000,16.278471
229.656500,106.776387,10.000000,14.623745
234.645927,107.440676,10.000000,12.813867
230.199160,107.921469,10.000000,12.769283
232.294297,108.234243,10.000000,13.079898
231.726048,108.025835,10.000000,12.670442
231.251110,108.894275,10.000000,12.424793
231.492719,108.025633,10.000000,12.556669
233.237652,107.261216,10.000000,13.291714
232.589623,108.181508,10.000000,13.269977
233.731740,108.207172,10.000000,12.840250
233.906407,107.418123,10.000000,12.880335
234.284782,107.385344,10.000000,13.364262
234.628840,106.982059,10.000000,13.483432
235.610296,107.277096,10.000000,13.742707
236.054105,107.206273,10.000000,12.921082
236.089334,107.217972,10.000000,13.149717
236.376682,107.611707,10.000000,12.592273
236.863676,107.274261,10.000000,13.727873
237.317234,106.547041,10.000000,13.587907
238.897757,106.438547,10.000000,13.053113
237.375480,106.439196,10.000000,14.122926
238.069877,106.478787,10.000000,13.240204
237.263684,105.841429,10.000000,14.062692
238.234617,106.320728,10.000000,14.233747
239.052134,107.625927,10.000000,13.071530
238.854050,107.232179,10.000000,13.478952
239.243983,108.016341,10.000000,13.188052
239.537631,107.012906,10.000000,13.243232
240.491004,107.462350,10.000000,13.274784
