159.800000,98.000000,3.400000,5.800000
159.801794,98.117996,10.000000,10.000000
158.970483,98.339458,10.000000,10.000000
158.931835,98.729884,10.000000,10.000000
158.174718,97.864102,10.000000,10.000000
157.973665,97.825938,10.000000,10.000000
157.467941,97.840734,10.000000,10.000000
157.885277,97.935442,10.000000,10.000000
156.639725,97.321131,10.000000,10.000000
156.583865,97.972949,10.000000,10.000000
156.060019,97.420225,10.000000,10.000000
156.127952,97.633639,10.000000,10.000000
155.569221,96.806938,10.000000,10.000000
155.255872,97.083906,10.000000,10.000000
155.042727,95.787636,10.000000,10.000000
155.566619,97.015445,10.000000,10.000000
152.412833,94.011470,10.000000,10.000000
155.224367,96.336236,10.000000,10.000000
154.897936,96.613841,10.000000,10.000000
152.867955,93.713695,10.000000,10.000000
153.624125,95.264999,10.000000,10.000000
152.637549,94.687063,10.000000,10.000000
152.543748,94.849529,10.000000,10.000000
148.365049,91.450525,12.852050,12.623283
140.781550,79.465413,20.687946,16.829647
131.927074,73.212910,31.934259,23.648954
131.199925,98.621481,13.584625,15.508463
127.149916,96.096858,21.860022,18.065296
122.394494,92.147562,34.919067,26.974546
127.135879,94.803759,19.405537,19.615194
130.639657,100.183209,12.933854,14.739480
125.078406,92.877000,25.647346,22.491150
121.033952,89.626252,31.699688,28.877054
125.777407,92.156288,21.847925,24.733219
118.287576,87.790493,33.019817,31.269564
110.901088,81.235120,53.220695,41.578659
119.157548,86.568244,38.912823,37.179562
128.110067,90.997388,28.372606,29.144241
127.952062,94.649734,19.924374,20.485348
145.317389,80.625884,12.134066,12.701553
133.011438,70.578566,17.954090,10.948794
131.091584,70.537881,10.000000,10.000000
131.175986,70.466934,10.000000,10.000000
130.541744,70.654270,10.000000,10.000000
129.044815,70.091034,10.000000,10.000000
130.391551,70.107021,10.000000,10.000000
130.818668,69.734181,12.159262,10.000000
130.873630,69.843454,14.571956,10.000000
128.839765,69.254392,16.892427,11.138093
128.375918,69.271593,20.709175,12.362096
123.570643,65.645080,29.630028,20.476725
120.822081,60.324606,46.398598,33.233662
101.092696,26.367937,72.571617,48.543537
169.655415,55.922943,38.195171,38.628777
141.017821,42.257866,80.936592,55.469978
177.557026,55.243160,30.968931,35.877686
130.748873,80.626617,86.126877,49.004280
140.238234,52.270080,96.824669,89.084770
161.856005,58.906639,42.954361,40.232307
205.083174,114.127178,16.138191,16.808762
201.800588,111.273561,31.544268,18.740204
204.254939,115.008636,15.829750,14.585506
215.359240,115.671959,13.509758,10.000000
228.242548,117.203151,10.000000,10.000000
228.632877,116.965180,10.000000,10.000000
227.810755,116.662894,10.000000,10.000000
228.354329,116.427793,10.000000,10.000000
229.317697,117.494162,10.000000,10.000000
228.593037,117.311582,10.000000,10.000000
227.497000,117.049009,10.000000,10.000000
228.616583,116.857005,10.000000,10.000000
227.880787,116.712655,10.000000,10.000000
228.583398,116.710685,10.000000,10.000000
228.510015,116.757340,10.000000,10.000000
228.054246,116.617767,10.000000,10.000000
228.679477,116.669939,10.000000,10.000000
228.855678,116.638576,10.000000,10.000000
229.317884,116.554691,10.000000,10.000000
229.284565,116.799815,10.000000,10.000000
228.529778,116.718937,10.000000,10.000000
228.107990,116.735979,10.000000,10.000000
228.777220,116.896438,10.000000,10.000000
228.651963,117.061129,10.000000,10.000000
228.139606,117.218349,10.000000,10.000000
228.009719,117.458443,10.000000,10.000000
227.785764,117.991831,10.000000,10.000000
227.927234,117.685890,10.000000,10.000000
228.416243,117.497486,10.000000,10.000000
228.383137,118.270396,10.000000,10.000000
227.466258,117.944506,10.000000,10.000000
227.935231,117.742010,10.000000,10.000000
228.025178,117.535764,10.000000,10.000000
228.220606,117.401379,10.000000,10.000000
228.041547,118.303419,10.000000,10.000000
227.745816,118.315704,10.000000,10.000000
228.219434,118.197271,10.000000,10.000000
228.857183,118.167257,10.000000,10.000000
227.534229,118.280796,10.000000,10.000000
227.288918,118.431537,10.000000,10.000000
228.074635,118.443334,10.000000,10.000000
227.961108,118.505777,10.000000,10.000000
227.622269,117.847340,10.000000,10.000000
227.034096,117.813317,10.000000,10.000000
227.641429,117.664287,10.000000,10.000000
227.256144,117.852236,10.000000,10.000000
227.893693,117.886338,10.000000,10.000000
227.448868,118.018082,10.000000,10.000000
227.975003,117.985908,10.000000,10.000000
227.501799,117.952434,10.000000,10.000000
227.268360,117.924986,10.000000,10.000000
227.828920,117.800676,10.000000,10.000000
227.687741,117.761747,10.000000,10.000000
227.730533,117.653790,10.000000,10.000000
227.387325,117.506435,10.000000,10.000000
227.887619,117.338897,10.000000,10.000000
227.489784,118.251219,10.000000,10.000000
228.314859,117.991703,10.000000,10.000000
228.540102,117.767887,10.000000,10.000000
226.735122,117.567949,10.000000,10.000000
227.260743,117.349553,10.000000,10.000000
228.254584,118.336957,10.000000,10.000000
228.835312,118.167462,10.000000,10.000000
228.655179,118.094256,10.000000,10.000000
227.254661,117.889202,10.000000,10.000000
227.984979,117.663131,10.000000,10.000000
228.566473,117.553603,10.000000,10.000000
228.316607,117.405821,10.000000,10.000000
228.810650,118.239135,10.000000,10.000000
227.050035,118.081854,10.000000,10.000000
227.505224,117.907659,10.000000,10.000000
227.470541,117.670227,10.000000,10.000000
228.328655,117.519587,10.000000,10.000000
228.080422,117.230379,10.000000,10.000000
227.771882,118.093243,10.000000,10.000000
226.943624,117.796508,10.000000,10.000000
227.443882,117.583762,10.000000,10.000000
228.098266,117.429874,10.000000,10.000000
227.961085,118.291170,10.000000,10.000000
226.880796,118.023590,10.000000,10.000000
226.877882,117.797985,10.000000,10.000000
227.277214,117.640328,10.000000,10.000000
227.837435,117.455497,10.000000,10.000000
227.473094,118.343138,10.000000,10.000000
227.881556,118.135465,10.000000,10.000000
226.323385,117.878162,10.000000,10.000000
227.000458,117.617714,10.000000,10.000000
227.392777,117.431637,10.000000,10.000000
227.961556,118.294485,10.000000,10.000000
227.198365,118.064297,10.000000,10.000000
227.659748,117.729969,10.000000,10.000000
227.605093,117.485946,10.000000,10.000000
227.532049,118.166371,10.000000,10.000000
227.370938,117.819268,10.000000,10.000000
228.051003,117.706335,10.000000,10.000000
227.458439,117.309776,10.000000,10.000000
228.066293,117.799940,10.000000,10.000000
228.031651,117.362497,10.000000,10.000000
228.178415,117.517208,10.000000,10.000000
228.035780,117.065711,10.000000,10.000000
227.626592,117.555950,10.000000,10.000000
227.438496,117.113093,10.000000,10.000000
227.998276,117.148466,10.000000,10.000000
227.560922,117.407366,10.000000,10.000000
227.323067,117.858270,10.000000,10.000000
228.027145,117.488334,10.000000,10.000000
227.889292,117.880955,10.000000,10.000000
227.546105,117.353129,10.000000,10.000000
227.409747,117.643543,10.000000,10.000000
228.241706,117.329516,10.000000,10.000000
228.076015,117.707229,10.000000,10.000000
227.813004,117.217710,10.000000,10.000000
227.852947,117.296715,10.000000,10.000000
228.061238,117.417298,10.000000,10.000000
228.193956,117.570909,10.000000,10.000000
228.283239,116.944611,10.000000,10.000000
228.446463,117.081870,10.000000,10.000000
228.518473,117.117953,10.000000,10.000000
227.680299,117.110555,10.000000,10.000000
228.113931,117.068758,10.000000,10.000000
228.010724,117.063245,10.000000,10.000000
227.603790,117.160493,10.000000,10.000000
226.910198,116.981375,10.000000,10.000000
227.440209,116.802423,10.000000,10.000000
228.009462,116.621921,10.000000,10.000000
227.817410,116.533708,10.000000,10.000000
227.897966,116.394643,10.000000,10.000000
227.798517,117.346905,10.000000,10.000000
227.253825,117.174345,10.000000,10.000000
227.823696,117.025289,10.000000,10.000000
227.724025,116.852708,10.000000,10.000000
227.367271,116.700988,10.000000,10.000000
227.959510,116.533895,10.000000,10.000000
227.897546,116.393980,10.000000,10.000000
227.553334,117.298290,10.000000,10.000000
227.272280,117.138643,10.000000,10.000000
227.832050,116.878059,10.000000,10.000000
227.381430,116.764499,10.000000,10.000000
227.269414,116.546115,10.000000,10.000000
227.810673,116.318052,10.000000,10.000000
228.288860,117.251033,10.000000,10.000000
228.710242,117.044890,10.000000,10.000000
227.137486,116.864643,10.000000,10.000000
227.698114,116.658378,10.000000,10.000000
227.707189,116.507460,10.000000,10.000000
228.135914,116.361403,10.000000,10.000000
228.653957,117.314353,10.000000,10.000000
229.092113,117.296725,10.000000,10.000000
230.684329,117.376484,10.000000,10.000000
231.699371,117.252834,10.000000,10.000000
230.103287,117.125229,10.000000,10.000000
227.731151,116.957524,10.000000,10.000000
225.229333,116.907543,10.000000,10.000000
226.549182,117.483885,10.000000,10.000000
227.051077,118.106603,10.000000,10.000000
227.675943,117.800382,10.000000,10.000000
228.025641,117.111580,10.000000,10.000000
229.002724,116.888454,10.000000,10.000000
229.603421,116.719760,10.000000,10.000000
227.502548,116.522717,10.000000,10.000000
225.534090,116.306255,10.000000,10.000000
225.750550,117.173026,10.000000,10.000000
226.203300,116.877379,10.000000,10.000000
226.717058,116.611212,10.000000,10.000000
225.485353,116.108727,10.000000,10.000000
226.248708,116.165768,10.000000,10.000000
226.754177,116.287906,10.000000,10.000000
226.826313,116.629599,10.000000,10.000000
226.897505,116.108313,10.000000,10.000000
226.238529,116.178606,10.000000,10.000000
226.493454,116.150714,10.000000,10.000000
226.643708,116.077114,10.000000,10.000000
225.040160,115.915055,10.000000,10.000000
225.567783,115.744481,10.000000,10.000000
225.421189,115.623843,10.000000,10.000000
226.411465,115.453311,10.000000,10.000000
227.182244,116.373785,10.000000,10.000000
227.573974,116.156351,10.000000,10.000000
227.341923,115.971068,10.000000,10.000000
227.897863,115.659472,10.000000,10.000000
226.776811,115.407096,10.000000,10.000000
226.180819,115.902610,10.000000,10.000000
226.620822,115.612894,10.000000,10.000000
225.995477,115.408155,10.000000,10.000000
226.420701,115.945197,10.000000,10.000000
227.042240,115.639923,10.000000,10.000000
227.594343,115.295904,10.000000,10.000000
227.596605,115.417030,10.000000,10.000000
227.512913,115.623269,10.000000,10.000000
227.318761,115.271151,10.000000,10.000000
227.998946,115.487246,10.000000,10.000000
228.215667,115.656690,10.000000,10.000000
227.871363,115.207463,10.000000,10.000000
226.388636,115.546413,10.000000,10.000000
226.586213,115.075331,10.000000,10.000000
226.909626,115.750473,10.000000,10.000000
227.737779,115.412985,10.000000,10.000000
226.858860,115.726812,10.000000,10.000000
225.680525,115.210101,10.000000,10.000000
225.591041,115.236764,10.000000,10.000000
226.436617,115.392796,10.000000,10.000000
227.499079,115.858783,10.000000,10.000000
227.144820,115.399478,10.000000,10.000000
227.064610,115.542099,10.000000,10.000000
227.863695,115.151441,10.000000,10.000000
228.387962,115.781483,10.000000,10.000000
228.852627,115.555436,10.000000,10.000000
227.455038,115.251839,10.000000,10.000000
228.233696,115.989296,10.000000,10.000000
228.276649,115.676217,10.000000,10.000000
228.311549,115.311254,10.000000,10.000000
228.168452,115.681606,10.000000,10.000000
228.005241,115.267110,10.000000,10.000000
228.110205,115.424385,10.000000,10.000000
228.032680,116.066164,10.000000,10.000000
227.350433,115.786646,10.000000,10.000000
227.882633,115.548454,10.000000,10.000000
228.180411,115.363675,10.000000,10.000000
228.440977,116.036180,10.000000,10.000000
228.064244,115.813504,10.000000,10.000000
227.356975,115.552503,10.000000,10.000000
227.861396,115.328018,10.000000,10.000000
226.777378,116.243809,10.000000,10.000000
226.676839,116.024704,10.000000,10.000000
226.550173,115.835164,10.000000,10.000000
226.480014,115.581959,10.000000,10.000000
227.095122,115.254921,10.000000,10.000000
227.200065,115.860977,10.000000,10.000000
227.077188,115.640640,10.000000,10.000000
226.995904,115.552448,10.000000,10.000000
226.853439,115.357226,10.000000,10.000000
226.972033,116.050916,10.000000,10.000000
227.017348,115.815135,10.000000,10.000000
227.023658,115.578811,10.000000,10.000000
226.730448,115.376751,10.000000,10.000000
226.162785,116.005816,10.000000,10.000000
226.776227,115.710644,10.000000,10.000000
226.699063,115.557061,10.000000,10.000000
226.361087,115.292373,10.000000,10.000000
226.875871,115.575684,10.000000,10.000000
227.079337,115.026460,10.000000,10.000000
226.892061,115.344686,10.000000,10.000000
226.580508,115.625905,10.000000,10.000000
226.249692,115.110895,10.000000,10.000000
226.823770,115.087386,10.000000,10.000000
226.332656,115.203040,10.000000,10.000000
226.913532,115.312784,10.000000,10.000000
226.546959,115.508960,10.000000,10.000000
226.282243,115.082531,10.000000,10.000000
226.888678,115.288221,10.000000,10.000000
226.586628,115.748918,10.000000,10.000000
225.642738,115.448014,10.000000,10.000000
225.699314,115.683161,10.000000,10.000000
225.967878,115.241136,10.000000,10.000000
226.351927,115.671442,10.000000,10.000000
226.912004,115.375416,10.000000,10.000000
226.734289,115.696668,10.000000,10.000000
225.982557,115.267676,10.000000,10.000000
226.233613,115.817575,10.000000,10.000000
226.723799,115.544365,10.000000,10.000000
226.600132,115.378127,10.000000,10.000000
226.006119,116.345691,10.000000,10.000000
225.846958,116.166773,10.000000,10.000000
225.906026,115.964244,10.000000,10.000000
226.415266,115.664244,10.000000,10.000000
227.065893,115.433291,10.000000,10.000000
226.690746,116.301972,10.000000,10.000000
225.405069,116.068190,10.000000,10.000000
226.394382,115.953026,10.000000,10.000000
227.165859,115.790487,10.000000,10.000000
227.174662,115.778497,10.000000,10.000000
227.034745,115.865974,10.000000,10.000000
226.674237,115.998076,10.000000,10.000000
226.466872,116.227282,10.000000,10.000000
227.317283,116.660632,10.000000,10.000000
227.738519,116.428391,10.000000,10.000000
226.627576,117.242534,10.000000,10.000000
226.186929,117.021084,10.000000,10.000000
226.681343,116.892031,10.000000,10.000000
226.766203,116.802937,10.000000,10.000000
227.093467,116.796854,10.000000,10.000000
227.009498,116.886799,10.000000,10.000000
226.573172,116.792424,10.000000,10.000000
226.042560,116.707012,10.000000,10.000000
226.640789,116.656855,10.000000,10.000000
226.609737,116.753189,10.000000,10.000000
226.620693,116.718371,10.000000,10.000000
226.153866,116.686432,10.000000,10.000000
226.695970,116.698629,10.000000,10.000000
226.312790,116.694399,10.000000,10.000000
226.989184,116.597921,10.000000,10.000000
226.248424,116.383680,10.000000,10.000000
226.380836,117.237798,10.000000,10.000000
226.305898,117.042292,10.000000,10.000000
226.461976,116.859579,10.000000,10.000000
226.345376,116.683310,10.000000,10.000000
226.173079,116.557115,10.000000,10.000000
225.434870,116.284093,10.000000,10.000000
225.955897,117.124760,10.000000,10.000000
225.551574,116.894537,10.000000,10.000000
225.382365,116.610606,10.000000,10.000000
226.041801,116.402051,10.000000,10.000000
225.954244,117.304643,10.000000,10.000000
225.215796,117.008331,10.000000,10.000000
225.825383,116.804037,10.000000,10.000000
225.833152,116.630314,10.000000,10.000000
226.401528,116.425811,10.000000,10.000000
226.866575,117.081060,10.000000,10.000000
225.257677,116.863097,10.000000,10.000000
225.805023,116.601041,10.000000,10.000000
226.356713,116.298838,10.000000,10.000000
227.257796,117.241537,10.000000,10.000000
226.211362,116.977730,10.000000,10.000000
225.990828,116.831896,10.000000,10.000000
226.232855,116.646698,10.000000,10.000000
226.746606,116.581648,10.000000,10.000000
226.789220,116.545401,10.000000,10.000000
226.620281,116.524531,10.000000,10.000000
226.597157,116.664143,10.000000,10.000000
226.547347,116.788247,10.000000,10.000000
226.845331,116.876732,10.000000,10.000000
227.037943,117.120199,10.000000,10.000000
226.880641,117.706127,10.000000,10.000000
226.713225,117.280237,10.000000,10.000000
226.571983,117.806148,10.000000,10.000000
226.029265,117.551463,10.000000,10.000000
226.533526,117.317903,10.000000,10.000000
226.539972,117.817566,10.000000,10.000000
226.432891,117.460987,10.000000,10.000000
226.905012,118.046796,10.000000,10.000000
225.995322,117.838336,10.000000,10.000000
226.489417,117.594249,10.000000,10.000000
226.962035,117.277680,10.000000,10.000000
226.461595,117.924013,10.000000,10.000000
226.668946,117.376310,10.000000,10.000000
225.251401,117.600600,10.000000,10.000000
226.238409,117.216656,10.000000,10.000000
226.851163,117.752534,10.000000,10.000000
226.286015,117.375922,10.000000,10.000000
226.462945,117.954538,10.000000,10.000000
226.594180,117.645100,10.000000,10.000000
226.025214,117.345822,10.000000,10.000000
226.599466,118.170406,10.000000,10.000000
225.871640,117.990861,10.000000,10.000000
226.076648,117.611265,10.000000,10.000000
226.227192,117.247648,10.000000,10.000000
226.448359,117.815542,10.000000,10.000000
226.949210,117.601529,10.000000,10.000000
226.395737,117.334636,10.000000,10.000000
226.766233,117.761806,10.000000,10.000000
225.749311,117.339291,10.000000,10.000000
226.201910,117.466796,10.000000,10.000000
226.795105,117.836977,10.000000,10.000000
225.623561,117.610514,10.000000,10.000000
225.130354,117.009772,10.000000,10.000000
225.653261,117.050752,10.000000,10.000000
225.622872,117.304975,10.000000,10.000000
226.102849,117.666870,10.000000,10.000000
227.239989,117.165193,10.000000,10.000000
227.115604,117.504757,10.000000,10.000000
226.573536,117.145584,10.000000,10.000000
226.777357,117.607217,10.000000,10.000000
227.361346,117.385290,10.000000,10.000000
227.452547,117.828841,10.000000,10.000000
226.968408,117.644322,10.000000,10.000000
226.812309,117.557226,10.000000,10.000000
227.146580,117.303052,10.000000,10.000000
227.600642,117.913942,10.000000,10.000000
226.811504,117.683002,10.000000,10.000000
226.767713,117.420489,10.000000,10.000000
226.698343,118.282421,10.000000,10.000000
226.912626,118.121877,10.000000,10.000000
227.414391,117.943379,10.000000,10.000000
227.559416,117.835573,10.000000,10.000000
226.083124,117.577841,10.000000,10.000000
226.761342,117.405185,10.000000,10.000000
226.734062,118.334106,10.000000,10.000000
226.033197,118.072404,10.000000,10.000000
226.096648,117.904323,10.000000,10.000000
225.871584,117.752513,10.000000,10.000000
225.810473,117.546687,10.000000,10.000000
226.232051,117.395955,10.000000,10.000000
226.673614,118.220265,10.000000,10.000000
225.000997,117.975343,10.000000,10.000000
225.669713,117.768828,10.000000,10.000000
225.442664,117.555484,10.000000,10.000000
225.954485,117.279470,10.000000,10.000000
225.703893,118.211727,10.000000,10.000000
225.665173,118.156755,10.000000,10.000000
225.122512,117.939620,10.000000,10.000000
225.620741,117.806030,10.000000,10.000000
224.859294,117.623561,10.000000,10.000000
225.647758,117.462685,10.000000,10.000000
225.750581,118.470230,10.000000,10.000000
224.984969,118.301303,10.000000,10.000000
225.443930,118.126497,10.000000,10.000000
226.046287,118.063945,10.000000,10.000000
226.184748,118.016829,10.000000,10.000000
226.243587,117.997852,10.000000,10.000000
226.067787,117.907724,10.000000,10.000000
226.070981,117.877124,10.000000,10.000000
226.314614,117.816204,10.000000,10.000000
226.249246,117.773709,10.000000,10.000000
225.010854,117.515452,10.000000,10.000000
225.321036,117.389972,10.000000,10.000000
225.818418,118.265297,10.000000,10.000000
224.735037,118.060214,10.000000,10.000000
224.903805,117.861839,10.000000,10.000000
225.484647,117.643350,10.000000,10.000000
225.958501,117.436953,10.000000,10.000000
225.461331,118.314558,10.000000,10.000000
225.809732,118.141815,10.000000,10.000000
225.105496,117.823628,10.000000,10.000000
225.714659,117.646881,10.000000,10.000000
225.315949,117.478577,10.000000,10.000000
225.857326,118.283882,10.000000,10.000000
224.829939,118.028231,10.000000,10.000000
225.311822,117.874418,10.000000,10.000000
225.877112,117.659655,10.000000,10.000000
225.739238,117.540779,10.000000,10.000000
