239.600000,28.000000,4.200000,9.200000
237.068778,30.292307,10.000000,10.000000
233.876619,32.174287,10.000000,10.000000
230.862651,33.300612,10.000000,10.000000
227.601887,34.572670,10.000000,10.000000
224.991888,36.623715,10.000000,10.000000
222.036696,37.793979,10.000000,10.000000
219.796395,38.816009,10.000000,10.000000
216.852432,39.514500,10.000000,10.000000
213.975307,40.083113,10.000000,10.000000
209.932759,41.432623,10.000000,10.000000
205.702776,42.744624,10.000000,10.000000
201.464327,43.209948,10.000000,10.000000
199.441020,44.674810,10.000000,10.000000
197.115152,45.261125,10.000000,10.000000
194.119502,47.179647,10.000000,10.000000
191.852668,48.048715,10.000000,10.000000
188.756348,49.000565,10.000000,10.000000
188.240441,49.736505,10.000000,10.000000
188.153801,50.038912,10.000000,10.000000
188.107694,51.217198,10.000000,10.000000
187.588370,52.536821,10.000000,10.000000
186.648012,52.485309,10.000000,10.000000
186.955021,53.587435,10.000000,10.000000
187.745582,52.949453,10.000000,10.000000
187.489135,53.762230,10.000000,10.000000
187.647088,53.959782,10.000000,10.000000
186.983267,54.674720,10.000000,10.000000
186.813373,54.667527,10.000000,10.000000
186.490667,54.880240,10.000000,10.000000
187.431122,55.074031,10.000000,10.000000
187.139957,55.645023,10.000000,10.000000
186.187239,55.315789,10.000000,10.000000
186.921436,56.478594,10.000000,10.000000
187.505187,56.762208,10.000000,10.000000
187.148401,56.096450,10.000000,10.000000
187.975365,57.079044,10.000000,10.000000
188.184671,57.240670,10.000000,10.000000
188.916295,57.314811,10.000000,10.000000
188.979124,57.693005,10.000000,10.000000
190.021400,57.029929,10.000000,10.000000
191.345168,57.744936,10.000000,10.000000
192.274104,57.671043,10.000000,10.000000
193.314612,57.804430,10.000000,10.000000
194.196646,57.927918,10.000000,10.000000
195.535305,58.295533,10.000000,10.000000
198.188680,58.987283,10.000000,10.000000
200.775598,58.175794,10.000000,10.000000
194.950548,59.362755,10.000000,10.000000
198.318706,60.010909,10.000000,10.000000
200.165713,59.806441,10.000000,10.000000
199.633477,59.425155,10.000000,10.000000
198.596117,60.697164,10.000000,10.000000
197.742244,60.483777,10.000000,10.000000
198.463352,61.740592,10.000000,10.000000
198.577658,61.057774,10.000000,10.000000
198.226998,61.400203,10.000000,10.000000
198.654695,62.103068,10.000000,10.700322
196.133033,62.009564,12.119528,13.705729
193.210657,60.634740,18.623211,18.109028
190.445443,59.415332,29.968824,26.067169
176.803699,65.599702,57.473213,41.696064
256.940826,91.398594,25.886826,18.117750
259.325627,93.625159,25.945082,15.903619
259.216301,93.749165,24.951851,14.625898
258.660065,93.525145,25.919090,15.200960
259.214655,93.937737,26.728657,15.520704
260.259506,93.416714,26.145203,14.996702
262.068539,93.404814,25.568214,15.692942
263.165358,93.380067,25.867701,15.346416
263.318632,93.662855,26.030910,15.130907
264.926174,93.671140,25.226700,15.255977
265.387630,93.626363,25.430428,14.357471
266.576442,93.422533,25.234491,14.526247
269.751588,92.908599,25.419683,14.412177
273.242622,92.165596,25.432388,13.983709
275.226195,92.349055,24.495028,13.909059
277.623314,92.013032,25.607300,14.280530
279.185000,91.192992,25.363596,14.182152
281.184805,91.585264,25.381420,14.119219
282.595345,91.166081,25.702063,13.509176
284.437458,91.922079,25.187538,13.380771
285.907146,91.152139,25.225471,13.429957
286.971998,90.610372,25.382435,14.330028
288.899605,90.641746,25.911606,14.434905
290.115127,90.385668,25.690195,13.874040
291.928064,90.655630,25.032017,13.845537
292.620143,90.661957,25.337702,13.457197
293.912647,90.729798,24.980110,13.539486
295.180165,90.838662,24.480009,13.654270
296.291474,90.280100,24.748159,13.299410
297.379003,90.079723,25.454077,13.972388
298.704886,89.675271,25.106531,13.828618
299.764296,89.596637,25.744633,13.633224
301.501937,89.311416,25.361513,13.648803
302.495349,89.137666,24.898569,13.339427
304.694905,89.407050,24.760962,13.728211
306.095383,88.966020,25.135605,14.112750
306.720728,88.756527,25.264034,13.816398
308.186079,88.592569,25.703045,14.057322
309.604859,88.517823,25.676413,13.783566
312.513824,88.609107,24.792542,13.959672
313.703651,88.622768,25.324020,13.427985
314.912661,88.648259,24.758419,13.634449
315.667892,88.621112,25.122421,13.730202
317.081198,87.841919,25.130520,13.665427
319.244015,87.406407,25.572067,14.112332
321.363400,87.633596,24.777983,13.920506
323.623521,87.063275,25.250257,13.975492
325.578344,86.879449,25.430965,14.143582
327.214313,86.238896,25.218941,14.417936
329.031815,86.232974,25.267731,13.978714
330.485828,86.643436,25.067024,13.402808
331.445503,86.823759,24.855240,13.490733
332.471343,86.178038,25.160234,13.303736
333.052159,85.960240,25.026197,13.805615
333.818350,86.820395,24.783276,13.426827
334.837218,86.145470,24.631166,13.555410
335.834093,85.550472,25.987797,14.095115
337.344277,85.455637,26.019247,14.095377
337.755591,85.437642,26.539293,14.119107
339.473174,85.864429,25.454615,13.949561
340.638120,85.491641,25.706114,13.496446
342.396576,85.091001,24.922249,13.700114
343.938559,85.071453,24.888788,13.922735
345.702641,84.632903,25.261297,13.914216
347.253515,85.324741,24.965183,13.676208
349.173346,84.723826,25.533741,14.379624
352.154521,84.800211,25.638857,13.998157
353.141130,84.448282,25.481533,13.339960
354.305263,84.468622,24.982391,13.633333
355.132616,84.494103,25.139614,13.741757
355.667658,84.419391,25.372181,13.349654
356.441094,84.464874,25.329527,13.589118
356.772757,84.099549,25.599430,13.521657
358.494838,84.312436,25.530352,13.929845
359.521103,83.943302,26.000046,13.969442
360.753118,83.667155,26.681822,14.195656
362.489133,83.095402,26.128950,13.817144
364.544401,82.260277,25.652134,14.193936
366.292147,82.397799,26.069012,14.283525
367.822171,82.267948,25.638433,13.814932
369.672693,82.517963,24.739857,13.888244
371.042881,81.951884,26.317238,13.794098
369.783110,83.167549,26.039768,13.632239
371.620540,82.411195,26.874552,13.564060
373.263489,81.872664,26.110306,13.893061
374.671507,82.357285,25.172543,13.997435
376.956956,82.013375,24.863874,14.261196
377.436706,82.194479,25.247261,14.089725
377.964579,81.846615,25.167522,14.162755
378.934696,81.362467,25.380310,14.277009
380.569974,81.021608,24.994780,14.667788
380.343290,81.047777,25.441563,14.167933
382.167693,81.202227,25.173388,14.170549
381.252372,81.589899,25.693735,14.194522
381.625748,81.264836,25.313606,13.959943
383.870024,80.453137,24.539745,14.483152
383.609828,79.812133,24.400286,14.466270
382.526514,80.650814,24.928776,14.068274
383.239125,80.434296,25.147360,14.496846
382.889707,80.538651,25.078413,14.559857
381.743670,81.134989,25.481562,14.298440
381.765779,80.708731,24.945240,14.073511
381.472053,81.059758,25.263842,14.126035
381.936614,80.901620,25.254763,14.181537
381.638266,80.395135,25.017529,14.377773
381.565097,79.875212,25.664705,14.640176
380.220466,81.852913,25.101778,13.151900
380.830797,80.703858,25.494518,14.052380
380.508495,80.444187,24.904182,13.932479
381.713484,80.313566,25.698338,14.407511
384.791444,79.683572,23.490263,14.237117
386.035316,78.837736,21.665886,14.613109
385.724075,79.094822,22.334526,14.770597
386.399073,78.708293,22.307415,15.171097
385.323454,79.631532,22.500546,14.096828
384.248230,78.846826,23.420708,14.590984
383.810570,80.313884,24.487526,13.679962
383.772888,79.814387,24.365814,14.493874
383.434053,79.402430,24.562962,14.892344
383.554002,79.352100,24.722540,15.139594
382.606870,79.982184,24.910856,14.191590
382.313271,79.869499,25.609589,14.670744
382.448020,79.954894,25.472948,14.713906
381.904039,80.235224,25.702503,14.893381
378.250270,78.477794,28.136866,17.137634
379.254909,79.827826,27.906853,15.673700
376.394685,78.704205,29.836905,17.031225
382.322919,80.005696,25.544508,14.430523
382.421897,79.892103,25.065691,14.222224
381.721001,80.350738,25.456070,14.334579
382.214834,80.066460,25.391842,14.771222
383.272860,80.637817,24.534237,14.363297
383.202764,80.104161,24.192312,14.663831
383.678830,80.615469,24.600752,15.120746
384.271194,80.338253,23.629204,15.310668
383.996191,80.230019,23.504360,15.695416
384.766868,79.665198,23.629900,14.716523
385.065155,79.783706,22.878265,14.034279
384.164342,79.992402,23.389997,14.178135
384.827511,79.690451,23.705917,14.704676
383.932790,79.842469,24.035086,14.160061
383.951589,80.152618,23.917257,14.166442
384.449365,79.947835,23.513494,14.984670
385.570682,79.772802,23.009928,15.750185
385.038219,80.056154,22.681969,14.180079
385.794438,79.742292,22.973204,14.563730
385.520960,80.134451,22.872997,13.982051
385.752884,79.508538,22.284096,14.636600
386.184496,79.922990,22.363605,14.400714
385.726274,80.013374,22.819805,14.118597
385.208962,79.880629,23.136618,14.240708
384.912389,79.700730,23.496550,13.924267
383.949305,80.158642,24.397310,14.095144
382.909234,80.080237,24.479757,14.059487
383.079658,79.626993,24.628717,14.552103
383.904869,80.071785,24.592270,14.399572
382.737562,80.668755,25.138935,14.250509
382.186151,80.206324,25.359838,14.540734
383.190306,80.398350,25.012753,14.432935
383.660991,79.992570,24.501665,14.391491
383.360790,79.611414,24.639824,15.072680
384.164362,80.223018,23.441097,14.142807
384.146789,79.837095,24.397501,14.202188
382.913128,80.897579,24.940651,13.938369
384.047562,80.409789,23.881332,14.217546
