229.400000,38.000000,14.200000,13.400000
227.913178,37.688426,14.751403,13.103470
226.741625,37.957654,14.598122,13.625794
224.290023,38.505489,14.828111,13.795925
222.813885,38.719785,14.993731,13.487190
220.753191,37.861604,15.256711,13.406780
219.831773,37.575992,14.877225,13.161243
217.861543,39.180397,14.932012,13.133310
215.565292,38.972746,14.991658,13.046972
213.859067,38.894328,15.328325,13.666257
212.112103,38.718549,14.572467,13.686496
211.645889,39.140121,14.681870,13.387184
212.014897,39.505719,15.053180,13.286523
211.802845,39.002096,14.577916,12.522367
212.192222,39.344358,13.722913,11.872359
210.648230,39.788346,15.304447,11.649370
210.021088,38.796917,15.489365,12.889772
208.909628,38.713824,14.952910,12.711380
207.266028,38.821057,15.141974,12.920384
205.341885,39.013762,14.716891,13.098101
203.252903,38.723534,14.395424,13.295435
201.806270,39.853815,14.955041,13.656058
200.043771,40.036140,15.571012,12.371043
198.492504,40.315850,14.801704,12.230774
197.062927,39.717709,14.527519,12.813845
195.439661,39.160343,14.303693,12.724769
193.044209,39.771792,14.524352,11.832273
191.395427,40.382229,14.489667,11.897208
190.224444,40.503642,14.593886,11.583138
188.490295,40.156327,14.450597,11.878902
186.874464,40.073199,14.604057,12.262407
185.189592,41.039927,14.618370,11.620794
183.175972,41.465009,14.645603,11.474406
182.018925,42.666043,14.204159,10.189213
178.643319,41.446371,15.252447,11.976073
176.733719,41.206600,15.275482,11.976225
175.571176,41.248170,14.673334,12.102155
173.277482,41.329639,15.435046,12.552123
171.499372,41.214022,15.390867,12.501959
169.966133,41.308020,15.026627,13.227171
167.961098,41.624904,15.100905,12.902926
165.456812,41.192249,15.519057,12.858515
163.706329,40.812298,15.479145,13.700505
162.502284,41.168138,15.254576,13.546832
160.633251,41.634491,15.797997,12.765975
158.863488,41.705212,15.719816,12.437963
156.843791,41.932193,15.372100,12.674580
154.147495,42.589069,15.666187,13.026187
153.372357,43.079549,14.819148,12.797688
151.617167,43.474859,14.732108,12.786627
151.202286,43.931442,14.317253,12.333723
149.023028,43.762856,15.503932,12.471257
149.191912,44.209963,14.648185,12.051889
150.211241,45.242951,14.974856,11.525503
152.273180,43.293063,14.744529,13.011539
153.877199,43.969080,13.780632,12.488994
155.136196,45.785249,14.486755,10.836643
155.825256,46.043484,15.488846,10.662587
157.111145,46.666527,15.506188,11.092169
160.163717,46.109362,14.338955,11.235521
162.222909,46.201161,15.497236,11.883153
165.054201,44.982877,15.125809,12.200054
164.589396,46.618321,16.566595,10.915093
163.289802,46.476519,17.503881,11.604151
163.683810,46.337100,16.178762,11.889737
162.837255,46.111497,15.552309,12.229095
161.560581,44.679438,15.083355,13.742495
160.557652,44.259614,14.344336,13.009706
159.026943,44.293158,13.753224,13.283392
156.292154,44.357423,14.309696,14.217130
154.497357,44.592362,14.393828,13.572592
151.265290,44.156018,15.788280,13.472122
148.575879,44.236387,17.808096,13.652270
146.810602,43.564629,18.895710,13.294149
145.478920,44.419204,18.617050,13.665215
143.025294,44.553503,14.569101,13.690730
141.191628,44.627592,14.626026,13.329085
137.944152,45.052678,16.404608,13.854455
136.564827,45.374681,15.738613,13.684455
135.823700,44.311320,14.353747,14.225510
132.079065,43.318196,16.114426,16.305962
129.465486,44.636502,16.067163,15.021440
127.764716,43.210021,16.098200,16.214947
126.005680,44.893805,16.807320,15.362425
123.208334,46.518334,17.274696,14.104677
122.734253,46.180881,15.547229,14.289490
120.834011,45.069746,15.610416,15.775363
119.082841,46.466437,15.228579,14.186158
117.725309,46.142392,14.819329,13.471275
115.054973,46.449958,14.353040,13.348328
113.043059,45.938423,15.931258,13.181571
109.981042,43.888971,17.048201,14.594008
107.993869,43.152724,16.818968,15.914661
107.349877,45.191011,15.101306,13.792335
105.689882,45.960591,14.031776,12.920046
103.647615,46.710132,13.912617,13.006336
101.379198,46.311693,14.374538,13.709529
99.881720,46.155990,14.766978,13.384361
96.797641,47.405462,15.232256,13.315856
94.635875,46.626476,15.196104,12.931080
92.645185,46.996882,14.732977,12.581513
90.423359,47.012503,14.659957,13.024011
89.208415,46.980871,14.687258,12.714686
87.684091,47.829461,15.196211,12.343468
85.536817,47.492399,15.551595,12.924766
84.065785,48.913531,15.248602,12.570765
82.353864,48.703159,15.296880,12.501540
81.004256,49.184423,14.858088,12.092354
79.546686,49.126628,14.900651,12.382329
77.064613,49.209779,15.803020,12.222385
73.051890,50.412667,18.280455,11.531423
71.730406,48.811462,16.120605,13.113491
70.885144,50.090740,16.048399,11.940223
68.455062,50.543124,16.131186,11.743942
65.961405,51.158747,16.127983,11.584486
63.681812,50.280187,16.297821,12.179374
63.087175,50.506125,16.500202,11.457139
60.551655,50.156707,16.780605,11.842513
60.614165,49.449253,15.551417,12.345739
59.912051,49.915743,14.501909,11.503078
58.857213,50.193286,14.473847,11.586975
57.950032,50.933847,14.642394,11.193324
54.554866,50.169238,18.736643,12.074070
55.959298,49.929803,17.802065,12.662899
57.956120,49.346936,16.315752,13.503598
60.721098,50.807997,14.904823,12.704023
63.423326,49.755270,12.993980,13.930243
64.955225,50.250228,15.634839,13.729665
68.301188,49.947387,16.411983,14.023871
70.122286,52.589954,17.380077,12.837303
73.407630,51.895879,16.982225,13.273239
78.358083,53.280448,13.876265,12.915177
81.912087,53.581269,15.171222,12.410127
84.601904,54.376964,15.230049,11.931808
86.746809,54.571592,15.579944,12.068377
88.028513,54.567225,15.780650,11.864622
88.972006,54.354377,16.790031,12.110894
89.637396,55.271304,16.728306,11.556287
90.787982,55.041767,16.489721,11.346884
91.250741,55.356855,15.571821,11.412350
93.789091,54.627548,15.465760,11.632837
95.329051,55.057871,15.452271,11.755080
97.726983,54.198057,16.923777,12.294024
101.416460,55.081254,16.445816,11.872784
101.631452,54.903965,16.215765,12.006113
103.188105,55.163549,15.989348,12.169154
104.266116,55.834395,15.619433,11.641249
102.781699,55.130555,15.799926,12.248856
102.071199,55.603647,15.658176,12.227053
100.953066,55.807372,16.001762,11.676083
100.100522,55.988304,15.670684,11.972021
98.726444,56.173156,16.273403,12.275257
97.491596,55.505489,15.313686,12.825047
94.739552,56.849720,16.086903,11.533743
93.747644,56.301511,15.881322,12.115700
91.085913,56.497749,16.308636,11.910346
88.224231,56.499925,18.181269,12.282989
87.394603,56.411727,17.034304,11.379571
86.353742,56.687976,16.078218,11.785362
85.338110,56.291850,15.729080,12.307023
84.092492,56.497874,15.439013,12.675347
82.778463,56.982533,15.869760,11.661366
82.551719,57.248967,15.583494,11.829014
80.541647,56.634567,17.728535,12.280246
82.217583,56.978037,16.962410,12.068011
83.076092,57.071827,16.381889,12.516191
85.467182,57.821044,15.765332,12.324704
87.479467,57.420662,15.528728,12.373458
89.694495,57.027381,15.606741,12.413384
92.316980,57.486498,16.173222,12.285295
93.748961,57.283115,16.439451,12.578693
95.951210,57.326540,16.491966,12.616759
97.891998,57.300013,15.643414,13.210801
97.871902,58.415462,15.724198,12.316165
97.164466,58.121475,16.080713,12.447749
97.799290,58.746032,15.267665,11.686278
98.364096,58.037142,15.579361,12.555015
98.193957,59.070389,15.796809,12.143327
98.570529,59.285159,15.542277,12.213788
98.979288,59.182037,15.783276,12.718799
99.528264,59.131489,15.333616,12.583438
98.448099,59.489001,16.798439,12.532618
99.874585,59.572971,15.467623,12.233665
99.173229,60.505614,15.339231,10.695360
99.956218,60.756095,13.985150,10.591332
99.934566,58.845442,14.514237,12.507293
100.510031,58.428185,13.920204,13.265107
100.995827,60.872390,14.421184,18.791203
104.889243,63.627051,12.886771,23.859015
107.619909,73.239595,16.156845,17.273674
112.228724,76.163986,15.036436,14.886591
116.127695,77.369796,14.504914,12.936606
121.157642,76.509278,14.357854,14.409654
124.532684,75.159771,15.138317,15.417089
129.203198,78.711804,15.193820,13.022313
131.716329,78.694348,15.308874,12.495454
134.377597,77.222015,16.055510,14.754803
137.183243,76.089930,15.221577,12.501272
140.703541,77.465613,13.895321,13.460675
141.701935,78.361573,15.970702,12.476407
143.757194,78.826866,16.086809,12.151053
145.184359,78.944809,16.767902,12.165354
147.907074,78.917189,14.821373,13.246805
148.372996,77.835128,15.155939,13.943550
149.740406,77.891206,15.298012,14.109519
148.984886,79.535336,16.248440,13.608591
149.036011,78.356493,15.694934,13.374961
150.160949,77.639320,15.087842,13.696735
149.731423,80.380713,15.711127,12.794263
150.273016,78.443468,15.695213,15.129462
148.760121,78.086713,17.061579,13.392857
153.451054,78.665023,13.051150,13.124879
151.480708,79.155306,15.421454,11.779021
150.128362,79.621463,16.549173,12.154971
152.335878,78.008871,14.182698,12.968139
148.074133,77.295921,18.491310,14.370105
152.036005,76.147474,15.123284,15.448456
151.028714,76.700893,15.782786,16.473454
151.170574,77.489205,17.340687,15.944719
152.236579,78.787135,15.192571,13.604374
152.796689,78.543044,14.156511,14.277669
153.113369,78.515332,13.880342,14.066754
151.879917,76.246025,15.118585,15.463190
153.337365,77.084554,14.242422,14.081244
154.272593,77.268728,13.360866,12.072096
151.164047,78.059640,17.133583,14.016369
155.072345,77.400300,15.317460,13.196168
160.358152,76.675765,14.997578,16.667191
164.863698,78.779959,15.252120,15.347360
171.284826,79.006500,14.153843,13.368242
172.492661,79.333441,16.697777,13.126267
177.562965,79.139854,15.041688,13.498020
181.944869,80.370078,13.491945,11.354737
184.654156,80.100615,12.061118,10.523672
182.585563,79.807239,15.629441,11.666972
186.177182,79.953917,13.441707,11.311640
186.234558,79.322367,13.880025,10.767614
184.831023,77.885658,17.108278,14.829418
189.963778,77.747813,13.774561,12.820320
190.635177,78.786439,13.604273,12.346761
193.235547,79.528979,13.134874,12.733739
193.579046,79.955208,12.769582,10.751981
193.911010,80.080350,14.303808,11.137108
193.025810,78.460740,14.964867,14.267259
196.923787,78.504073,13.225364,12.482315
195.249608,77.368007,15.152437,14.750038
196.444207,76.472569,15.344648,14.956312
196.821468,76.903813,15.745853,17.327467
199.696491,77.174174,14.449788,14.753906
200.982028,77.791790,14.934649,14.670493
201.521214,77.533871,15.530243,15.774691
201.575897,78.066117,15.850613,14.399759
206.113226,77.643264,12.418472,13.417145
205.063657,78.313734,14.496687,12.713713
204.660554,77.966797,16.418314,14.623781
207.255531,78.064548,15.290958,13.965510
211.583774,78.061444,13.399946,12.365059
209.943860,78.484973,16.889174,14.585552
214.294571,78.669010,15.058601,12.963968
220.293072,80.588978,11.511078,11.942473
218.315631,79.778114,15.032789,14.181103
224.482879,81.763215,12.297132,11.798924
224.457160,80.064490,13.513988,13.192484
228.282964,79.429976,11.647645,13.166390
231.041336,80.252639,11.360833,10.828167
233.654198,81.876448,11.500163,11.600962
233.913205,80.013751,13.501982,12.046144
232.696803,80.835568,16.929995,11.690397
238.810030,80.574362,13.666789,13.613959
237.308521,80.534378,16.398041,12.988917
242.923845,80.905935,13.245557,12.279999
242.537487,79.540487,13.798756,14.085520
244.757003,79.835624,14.222067,12.371094
244.302576,79.422918,15.037675,13.986182
248.754389,79.693107,11.841674,11.697627
244.660031,78.835123,16.674147,13.558050
248.889640,77.584579,15.211786,16.377441
250.136738,78.749953,15.720459,14.461534
251.834553,77.388067,16.089241,16.920538
256.586833,78.881606,12.685374,12.880414
255.861288,79.682627,15.449960,13.234221
259.477179,80.909282,14.879982,12.466686
264.996009,80.223477,12.893773,13.453782
268.459008,81.208362,11.575632,12.477595
268.665753,79.917106,13.377513,14.047779
267.343181,80.026279,16.460993,14.780960
268.256077,80.828682,18.733658,13.002368
273.693959,79.806101,15.674491,14.390078
279.340267,80.439413,13.659066,13.492652
280.254997,81.059730,14.899647,13.121661
282.917129,82.278484,14.750383,12.458488
287.790888,82.610412,12.406517,10.594955
291.846971,83.049798,10.863938,11.725381
294.693267,82.354398,10.437719,12.428294
294.221253,82.213982,12.443476,13.172686
296.800461,82.083498,12.695094,13.678630
296.164248,82.365499,13.958996,13.342032
299.136392,82.146952,12.521901,13.403746
302.229802,80.383953,11.550742,12.816328
303.138854,82.034465,11.676578,11.625477
301.893454,82.523034,16.117168,13.481313
306.809650,81.169018,12.766525,14.698060
307.532878,81.909902,12.482519,13.170291
307.096328,81.077826,14.379678,14.693727
311.062193,82.270922,11.767886,13.196959
310.505888,79.932192,14.293186,17.175211
312.232889,80.960240,14.870954,14.272279
316.821008,81.407011,12.069966,13.358386
319.593120,82.290000,12.594278,12.502625
323.671224,82.975977,11.474382,12.264373
326.725979,81.553575,12.339183,13.695641
325.539792,80.016875,16.775824,16.327669
332.474450,79.869113,14.436857,17.897156
334.661048,80.123028,14.882485,13.981475
338.884042,83.023800,14.179884,13.415655
344.002751,82.890122,11.945189,12.762514
343.391560,81.672788,14.674502,14.961788
344.494925,79.829564,14.901519,18.666969
348.825070,79.909167,13.199954,15.338202
349.202244,81.424917,14.509490,15.568595
351.804427,81.190811,13.253901,13.654745
351.833066,82.169560,15.800207,14.559503
355.034740,81.477057,14.053368,14.505594
355.873422,81.654775,14.656842,15.768889
356.587031,82.272158,15.353456,15.914301
356.929620,83.151956,15.650373,14.880950
359.598958,81.093188,14.364247,16.398344
360.266559,81.869134,15.095948,15.349937
364.646177,82.452183,12.793240,13.616124
363.069060,82.916624,15.437998,15.080157
367.026896,81.966808,14.079387,14.446083
368.699344,83.266008,15.284086,14.939105
372.098656,82.296256,13.920459,14.550199
372.683567,82.163579,15.694016,15.748822
375.779483,80.593064,14.829392,15.455120
377.267573,81.884913,15.097957,15.999178
379.049129,82.179838,16.280405,15.028781
380.821832,79.706657,15.292532,18.735649
382.681637,81.563623,15.822578,20.575100
379.377242,81.360096,19.173326,18.138197
385.190882,80.899001,14.634113,15.029572
385.982959,82.528146,15.188363,15.848239
387.525542,80.507174,15.383922,15.772379
389.571961,81.474813,16.466505,17.748661
391.194269,82.234826,17.373272,21.945072
390.628441,79.581169,17.505249,21.673521
390.181314,82.256454,18.292217,18.744965
387.999000,80.749649,20.381456,21.392637
370.171942,76.627925,36.792225,29.406570
341.136272,65.050388,61.683212,38.745026
282.347696,60.420939,52.596355,23.546816
288.418201,58.168770,62.363441,28.707067
265.593971,49.511022,85.468002,45.729519
252.563175,42.369405,88.059715,54.645031
283.514624,53.143562,58.622395,33.080391
294.517242,56.149722,64.026215,33.615204
291.410347,59.366368,66.709518,23.634764
298.771172,52.563333,79.961212,41.168003
292.624336,55.886687,72.513626,31.012047
299.077419,56.085815,53.299248,28.872520
326.928596,58.327932,54.719269,26.309933
325.716221,62.119124,33.303841,21.461985
322.988897,64.449558,32.934582,16.573416
310.375443,65.427254,41.204742,13.778165
309.134480,67.208218,44.209785,14.153463
316.335817,66.361105,36.106739,14.393443
312.584604,66.485235,36.458828,12.760576
315.667243,67.993848,22.846514,13.412000
314.858155,68.623773,13.762953,10.000000
317.578767,68.416252,12.846506,10.286597
318.848016,67.867898,11.988526,10.000000
320.256418,68.658313,12.101308,10.000000
322.282351,68.657375,11.735194,10.000000
324.030449,68.303654,12.515494,10.000000
325.525414,68.244554,12.546703,10.277594
327.295706,69.382305,12.180743,10.000000
330.190369,68.724823,11.365809,10.000000
332.532701,69.007831,12.931564,10.000000
334.813498,69.333692,12.677235,10.000000
336.822152,69.239593,12.840929,10.000000
338.726039,69.533625,12.428739,10.000000
340.958318,69.183743,11.885186,10.000000
341.957601,69.363576,13.169587,10.000000
343.920265,69.743720,12.153824,10.000000
347.153063,69.551315,11.339119,10.000000
348.680656,69.548959,11.954941,10.000000
349.637190,69.028233,12.318625,10.000000
351.750443,68.801875,11.614173,10.000000
352.212130,69.479173,12.091601,10.000000
354.462759,70.254115,11.794438,10.000000
356.840632,69.882487,12.459379,10.000000
358.131342,69.962204,12.334540,10.000000
360.012229,70.106142,12.790186,10.006328
362.335431,69.908912,12.480951,10.000000
364.160571,69.677700,12.945143,10.174300
365.559407,69.416290,12.123735,10.000000
367.384239,69.789289,12.795074,10.000000
369.006944,69.837941,12.860776,10.000000
371.212433,69.691876,12.476600,10.000000
372.089197,70.084317,12.382092,10.000000
373.655696,69.443261,11.861863,10.000000
374.762628,70.258906,12.451376,10.136776
377.685692,70.164583,11.354842,10.000000
378.750234,69.987894,11.972203,10.000000
380.636391,70.166659,12.062653,10.000000
382.335237,70.826040,11.981755,10.000000
384.065225,70.305665,13.199362,10.323476
385.039111,70.541269,12.756942,10.339007
386.781264,69.812003,15.759283,11.358404
387.219496,70.639803,13.519283,10.456683
388.335985,70.204605,16.721035,12.075577
389.961973,69.722559,14.708595,11.677532
391.693828,70.495475,13.727239,10.935297
393.205462,70.766158,12.964718,10.459386
395.803319,70.486171,12.859633,10.790738
398.033029,70.712499,10.966971,10.756394
399.000000,71.155594,10.000000,10.000000
399.000000,71.439664,10.000000,11.084044
399.000000,72.452192,10.000000,12.060940
399.000000,75.843529,10.000000,10.053398
399.000000,74.817655,10.000000,10.232615
398.692516,73.734519,10.307484,13.630682
396.383566,69.087300,12.616434,18.093016
388.558529,48.122939,11.493451,14.696352
390.227928,49.244288,10.979774,14.732329
388.747244,48.488109,14.518351,15.479471
392.876136,48.219343,11.213218,15.918210
390.900785,48.415259,15.521964,16.692535
386.302813,47.984597,21.115643,19.151415
369.079985,40.102387,38.394005,27.601719
365.386332,13.208228,22.056686,14.881208
366.331832,14.139817,19.689804,14.183725
369.270229,13.663545,17.078970,13.390772
371.193349,13.170215,19.182629,14.506544
373.825863,12.511156,18.741430,14.338799
374.249020,13.573881,17.501263,13.386086
373.120204,12.358003,22.316650,15.223265
380.195576,13.756692,18.956701,13.964805
380.833667,12.796177,18.257912,15.139519
384.661400,12.827784,18.979040,15.224208
384.419289,12.038021,23.626387,16.799126
384.024745,12.638318,24.975255,17.780661
394.335395,15.753076,14.664605,13.943807
394.049694,15.408227,14.950306,14.019510
381.816488,10.267562,27.183512,18.282370
367.821789,20.806462,18.912241,10.459543
375.029135,20.074791,12.199971,10.000000
377.794411,19.954343,10.682271,10.000000
377.744072,20.193567,12.258080,10.000000
377.639446,20.125733,13.511817,10.000000
378.825958,19.883802,12.774279,10.000000
378.302806,20.345021,14.350669,10.000000
378.930385,20.386874,15.006485,10.431683
380.175774,19.996480,14.180508,10.255135
380.644844,18.158618,14.891320,12.019444
381.598955,19.264957,15.533804,11.806646
383.682064,20.210654,15.258657,10.163609
388.993184,21.809877,12.872288,10.000000
391.024562,21.037028,13.484341,10.000000
390.830929,20.755281,15.630349,10.177476
395.158517,21.670633,13.106678,10.112943
397.669863,20.988144,11.327513,12.331738
391.522322,21.111049,17.477678,15.026350
383.630612,16.353867,21.195389,16.845913
366.980449,16.446292,36.694885,18.738691
355.537145,13.871412,28.912014,23.010681
354.474136,15.277256,23.418821,19.701397
362.073553,17.930102,14.973894,15.598784
357.503826,16.493936,20.202642,15.923639
364.365657,18.019427,17.287323,14.660544
366.933585,17.842957,15.085420,15.188290
366.680572,17.828569,17.479002,14.623319
366.066100,17.253798,19.771950,15.588908
368.429838,16.778445,18.177683,16.171648
370.258144,17.582502,18.789450,16.323309
374.191628,20.516985,13.270566,13.279492
376.675689,18.522887,11.516617,14.914549
371.476876,17.029427,18.223228,15.432079
370.943114,15.938443,21.388752,16.480837
372.195832,17.305706,20.355309,15.639095
379.087942,17.129260,16.458616,15.710998
380.347161,17.844776,16.091461,15.770016
376.576857,15.879462,19.524252,16.164495
376.926298,17.362379,20.496107,15.927727
385.027812,17.751286,18.254177,15.285350
378.122931,16.191459,24.441429,16.950010
389.018181,18.059735,19.981819,15.740016
379.361844,17.571621,26.532515,16.964931
362.497328,13.654580,44.141895,25.421442
319.740370,29.310097,51.698055,43.938900
267.503008,61.493985,45.711597,27.666185
259.230507,65.831408,33.755898,24.499016
244.756000,61.944233,48.136871,31.215099
228.554304,58.420185,61.926464,36.645138
270.785121,0.208990,31.288652,37.971077
239.794319,0.000000,65.728134,40.130350
250.866318,66.168986,40.915710,23.955677
255.646417,69.736319,23.497183,20.362288
257.880802,69.981637,17.925079,19.177177
260.791989,70.526322,16.973280,19.149101
262.625151,71.725500,17.567280,16.385344
265.765700,70.934774,16.925348,16.871298
267.403295,70.032556,17.446096,19.366837
268.074165,69.629757,18.139702,18.309481
270.521146,70.597270,17.124533,18.951565
271.963393,71.378454,17.768068,16.657667
274.738828,72.235023,17.130468,16.486408
274.834872,71.236207,19.566652,18.588921
277.503469,69.710499,19.126240,19.656908
279.779737,67.113121,18.370495,20.734438
282.314593,71.591023,17.855219,18.225367
283.702289,71.967817,18.073748,16.857489
285.070543,72.715925,18.025928,17.089811
287.748630,69.749842,18.373779,19.347914
290.885935,70.376924,16.903835,20.393585
293.420021,69.859373,17.525681,20.525717
296.250814,70.567515,16.928661,19.908314
297.217725,70.984267,18.693312,18.000248
299.093864,71.233201,18.195923,18.288322
301.750943,70.531534,17.203207,18.788641
303.226210,71.459984,16.781521,18.242838
303.267894,69.852258,17.037981,19.033295
305.263201,70.760426,17.555897,19.099016
306.334387,68.280437,16.821476,21.923397
307.110477,69.893918,18.020699,21.212761
307.293452,69.618075,18.565393,19.692877
308.249127,67.978212,19.092527,22.192572
310.982669,66.723791,16.771753,22.784605
311.306498,68.658282,17.516588,21.270847
311.804062,68.852575,18.885948,22.324865
312.280510,67.088474,19.064308,21.787561
313.778541,70.171794,18.136942,19.993496
315.457813,67.899897,17.382263,21.204809
314.285955,71.115543,19.913563,19.348179
316.842074,68.612986,16.984797,20.930891
318.552893,69.003297,17.623295,23.221466
319.085792,68.494248,17.500757,22.275331
321.414315,68.471805,17.250608,23.343563
322.006471,70.440966,17.641165,19.769377
322.933625,71.461351,18.664930,18.521322
325.732397,72.810751,17.596264,18.503050
328.555875,73.235084,17.849646,17.295826
330.760785,74.446207,16.890791,16.939718
332.109166,73.237461,18.805365,18.856417
333.697662,70.935672,18.732994,20.534237
336.531304,70.572955,17.346609,20.968952
339.064870,70.974283,17.276754,20.603994
341.024710,71.514217,17.167225,21.338511
342.534622,72.058646,18.433731,19.017811
344.296371,71.925426,16.968971,18.896473
343.818375,70.784102,17.882545,21.436956
346.366389,72.209406,17.071001,19.307234
347.547543,73.180224,16.637503,18.030096
345.949078,73.390710,19.873260,17.595055
347.077785,70.939557,21.690407,20.466133
351.227902,68.564880,17.358587,21.581249
350.811192,73.720711,19.277044,18.589014
349.851914,70.791329,21.633070,20.570368
355.286964,68.867633,17.761467,21.763729
357.105590,71.823486,17.626154,20.055758
359.129810,70.982857,17.256104,20.774088
361.323343,74.964487,17.882473,17.722052
364.224586,71.760055,18.459810,19.599720
363.995744,70.918814,18.955809,22.310820
367.315239,70.278232,17.910591,22.040257
370.005508,71.228461,18.045105,23.443516
371.703092,70.381470,16.543005,21.952097
373.282825,71.949288,18.278313,19.984795
374.381154,73.084729,18.917616,20.348228
376.433166,72.342168,18.519646,20.497749
370.836244,68.910429,26.787779,23.583990
378.976825,70.430148,18.466928,27.208759
375.978342,72.805955,25.903004,21.767097
381.338042,72.068039,25.163378,23.107615
380.533926,74.232819,25.763775,21.099421
382.101699,73.613356,22.702555,19.910261
381.326355,74.329957,24.688141,19.987236
385.726139,76.517649,22.121460,18.403402
386.703286,76.794580,21.846739,19.165756
376.890491,70.850746,28.903152,24.594507
390.271214,69.710663,18.250189,25.472269
387.718332,69.695509,19.853802,24.780256
392.236835,69.687922,16.763165,25.721823
389.640701,70.446906,18.944286,24.060566
392.444124,70.928748,16.555876,25.894314
393.526154,73.379520,15.473846,21.916393
391.011374,73.827153,17.410030,21.428017
389.041805,74.556941,19.958195,20.302952
387.374894,75.553929,21.625106,20.051796
373.090844,70.361473,24.398211,21.144564
372.196471,72.837043,23.999367,19.079037
374.848368,71.898326,34.151632,23.063602
375.794898,74.007616,31.640202,21.044889
376.659727,70.500549,23.713346,21.872744
377.364436,74.906767,24.314732,17.826193
383.434985,71.855288,20.177586,19.425093
360.370288,59.052478,43.263649,31.237675
356.238158,67.623600,48.619400,27.682360
321.467277,54.176396,82.543495,44.598480
258.776893,39.835363,84.984329,52.645645
218.347896,49.005494,112.770470,44.878563
216.197269,41.322551,88.956581,55.710392
165.296111,36.376824,150.636551,71.094826
119.364032,39.909957,87.444527,47.496029
97.642471,29.733529,81.439377,57.571693
64.333625,37.939105,124.097702,61.342793
118.900745,38.734819,125.842613,53.926079
111.275642,32.053313,88.535507,56.270229
62.403489,70.591851,26.624660,25.050270
68.480768,78.712619,14.673244,13.762141
69.923415,78.993965,14.552689,13.745199
70.086649,79.943197,14.234981,13.509223
69.896142,79.980297,15.243252,12.682886
69.402200,80.333318,14.034065,13.173388
68.470120,81.704938,14.219152,11.448330
66.787181,80.171717,13.999455,13.252008
65.443153,79.716337,14.272537,13.696657
63.138700,78.981280,14.567569,14.091577
62.687976,79.587509,14.007633,13.430430
61.039590,79.009646,14.185387,14.045484
59.326066,78.494169,13.894513,13.971544
59.359014,79.789219,13.804889,12.971370
58.886639,79.333829,14.545247,13.350510
58.739325,79.176886,14.797396,13.397916
58.564829,79.592231,14.630242,13.554680
59.970585,79.313187,14.514083,13.530718
59.393775,78.974885,14.654336,13.523385
60.255867,79.179060,13.988997,13.694514
59.923646,79.219275,14.303941,13.467748
59.847019,78.934250,14.466341,13.609137
58.859480,79.018730,14.886668,13.800952
58.915978,79.085821,14.852266,13.482141
57.602224,78.686887,14.570690,14.424355
56.510325,78.752021,14.638727,13.901997
55.838599,78.679576,14.438210,13.508964
55.598733,79.049677,14.741154,13.953521
55.462110,78.955439,15.061809,13.672255
55.495279,78.932253,14.481173,13.368567
56.623591,78.293141,13.866018,13.659935
55.903799,78.390322,14.789450,14.164796
57.145095,78.787782,14.415783,14.241348
57.078491,78.671951,14.895082,13.755702
55.791474,78.052912,14.749124,13.941827
56.701625,79.111638,14.777621,12.620754
55.741536,78.517088,13.791654,13.507255
56.290723,78.405643,14.032009,13.441032
55.641989,77.865401,14.166768,13.726761
55.654233,78.281673,14.174000,13.347674
55.241092,78.176460,14.130282,13.794905
54.542473,78.509361,15.114901,13.526778
53.515740,78.808152,15.229993,13.776254
53.421864,78.263769,14.770928,13.844702
53.116804,78.505490,13.918433,14.477914
52.056662,78.209941,14.039892,14.767030
52.204674,75.834340,13.831324,16.054729
50.691493,77.254683,14.171414,15.460493
48.900208,77.810633,14.772134,14.739012
48.873804,77.789193,15.828086,14.489384
50.203922,76.603795,14.375975,15.192863
51.611492,77.795107,13.680826,14.339304
52.085220,77.852481,13.178390,15.194321
51.158044,76.571989,14.553241,15.079936
49.730868,77.673175,15.381809,14.287735
48.528750,78.140892,15.550097,14.086379
48.656396,76.703240,14.798660,15.385872
47.697659,77.814927,13.403630,14.706402
47.513135,76.185606,13.465173,15.606448
45.940281,75.037434,14.978754,17.857878
46.260524,76.085902,14.613887,16.518364
47.242271,73.621901,14.264095,18.838423
49.000939,73.554068,14.525637,19.052122
49.144859,74.966566,15.586413,16.657789
50.548251,73.321575,17.524815,18.377848
51.339446,72.913813,18.976192,19.080244
52.449051,76.537081,19.095613,15.492673
53.729407,77.717774,13.062413,14.349594
53.237155,78.353046,13.393688,14.500842
53.894088,76.852319,13.222168,15.000496
53.433894,77.315382,13.566854,14.738379
52.762098,77.835103,13.567317,14.664285
52.255722,77.248673,14.021280,14.626898
52.627410,77.486444,13.554154,14.254612
52.421376,77.654258,13.882714,14.185673
52.769099,77.783327,13.155290,14.413787
53.796989,78.034561,13.220073,13.959326
53.452214,77.232178,13.846028,13.962545
55.791895,78.484467,13.360950,13.820821
56.459344,78.482266,14.028272,13.415922
58.698482,78.176560,13.616116,13.775528
61.415747,77.661267,13.959523,13.664047
63.153041,79.289038,14.425817,12.953859
63.890039,78.678427,15.623219,13.167139
67.003596,79.704488,13.121263,12.397719
67.156155,78.662515,13.488558,12.653084
69.052469,79.699495,13.730372,12.673040
69.933459,78.840900,13.319092,12.476398
68.866018,80.873126,13.702608,11.405290
69.909773,80.201809,13.570585,11.834186
69.826299,80.423777,13.428558,10.995324
69.458366,80.414209,11.166370,11.527076
68.638177,80.748014,12.190872,11.092144
67.539448,79.682912,12.772787,11.840976
66.254104,79.328206,13.051960,12.223355
65.961909,80.177111,13.052888,11.259367
65.699680,80.356602,12.673157,11.302457
65.665281,80.211737,12.742426,11.304419
65.120027,80.099580,12.268482,11.554188
65.192094,79.556824,12.796792,11.868569
64.629292,79.864479,12.455557,11.579791
64.918459,79.221778,12.881601,12.228662
64.290901,78.732437,12.463026,11.966795
63.771157,78.649735,12.208299,12.342946
61.715465,77.772853,13.240081,12.744721
60.757389,76.923406,13.542624,14.144150
59.167357,76.721716,13.466444,14.322603
58.844898,76.048576,13.218107,14.864852
58.883505,75.709033,12.799672,14.675995
58.037886,76.285657,12.656927,13.783756
57.588071,76.118363,13.262761,13.499532
57.088541,76.346246,13.248053,13.585171
55.987787,76.995229,13.127615,13.288448
56.691458,77.931172,12.256375,12.168213
54.698789,75.620916,13.389317,14.169777
54.444461,77.479053,12.537456,12.482777
53.382757,77.202721,12.621695,13.171750
51.850700,77.930358,12.305027,12.309018
50.302739,78.109926,13.692109,11.773294
48.936141,77.990931,12.963314,12.286275
48.120156,77.521845,13.069809,12.084783
48.353441,78.156438,12.338388,11.801685
46.251592,76.267893,14.563544,13.054101
46.578263,76.508813,13.393785,13.011861
46.800251,76.898711,13.650965,12.472847
46.024949,77.204269,15.426122,12.208836
48.149810,77.273581,13.191005,12.590445
46.896436,77.168573,13.784443,12.281307
48.681732,77.267115,12.630774,12.496106
48.654838,77.672741,12.779881,12.302137
47.936772,78.920339,13.062567,11.456985
48.287709,78.067889,13.807748,12.228612
48.027979,78.490106,14.771154,11.648681
47.822367,78.504438,14.587255,11.183346
49.093023,78.008054,13.917852,11.887154
50.627843,77.882902,13.205601,11.940654
51.920375,78.148725,13.324262,12.226692
52.649131,74.677689,13.330120,15.658395
54.448645,77.659846,13.877565,11.836442
54.298449,76.362517,14.821058,13.131406
55.287470,74.968578,13.704191,14.735541
55.699075,77.628026,13.064506,12.110455
56.174688,78.013588,12.817682,12.225164
56.854240,77.719459,12.841415,12.112678
57.716149,77.870700,12.728270,11.873054
57.231081,78.262500,13.104518,11.346924
57.059038,78.138800,13.995963,11.733622
55.532769,77.006788,14.031545,12.552401
55.267168,77.708724,13.931856,12.213104
55.449485,77.293065,12.648456,12.782037
55.577218,76.665651,12.406468,13.304702
55.151930,77.382120,12.359976,12.545314
55.669364,76.660351,12.589723,12.606966
55.448130,77.800529,12.726072,11.870708
54.360246,77.076073,13.716880,11.910692
54.993686,77.807242,12.367828,11.363386
55.249371,77.751043,12.083223,12.284286
54.859288,76.560815,12.265675,13.627852
55.008159,76.875332,11.896156,13.522676
55.187566,75.769880,13.761364,14.030886
56.391646,75.142784,13.535593,14.353872
59.648134,75.267487,12.553385,14.881249
60.500154,76.082559,12.946216,13.743626
61.271054,77.028403,13.055588,12.323346
62.477210,77.972901,13.000226,11.419633
63.094700,77.720865,13.355289,12.152430
63.343251,77.943589,14.753938,11.952351
64.129962,76.803691,14.644082,12.772685
65.944507,75.765046,13.953621,13.760490
66.888370,75.836836,12.869473,13.543905
67.032325,75.070873,12.949280,14.743712
66.862866,75.638692,12.475442,14.257565
67.485528,76.290169,12.946373,12.762559
67.706454,76.441928,13.270756,12.187116
67.766995,76.762026,13.353337,12.209257
68.152618,76.775970,13.782253,11.926295
68.523670,77.051539,12.368915,11.572499
68.072701,77.119945,12.587445,11.462799
68.851205,76.884214,12.737935,12.352861
68.811574,75.925284,12.237282,12.522093
68.425029,77.157336,13.229126,11.593862
67.773122,76.160721,13.377406,12.505804
68.089087,77.487791,13.069276,11.212488
68.015709,75.272476,12.717559,12.843420
68.288730,76.592517,12.414023,11.319462
68.429268,76.921542,12.523227,11.311420
65.718870,75.627645,14.006164,12.091858
64.544259,76.219573,15.230069,12.290376
64.300336,75.255375,14.806732,12.688947
65.872193,76.063746,13.379230,12.338334
64.847411,76.129434,12.804986,12.144813
65.050923,76.109197,12.966249,12.312785
63.900048,75.603884,13.297321,12.725255
63.319286,76.374449,12.995799,12.427129
62.534645,75.338891,14.305839,12.787151
62.229941,75.419749,14.243127,12.742607
62.416886,74.454804,13.497585,13.349749
62.425592,74.919687,12.870750,13.539003
61.900075,75.362148,12.617168,13.519351
59.980983,75.798646,12.956196,12.346111
60.369696,76.873555,11.839319,11.942670
60.609851,75.662832,12.526382,12.269720
59.550242,74.686247,13.488526,13.179944
60.271014,75.142793,13.850830,13.153378
60.525808,74.564912,14.687649,12.964890
60.619680,74.892025,13.395495,13.218249
61.693376,74.459231,12.856792,13.073895
62.615374,74.577527,12.720746,13.394344
63.163557,74.807421,12.916315,12.765183
62.041899,74.631160,12.862787,13.617401
62.685430,74.833052,12.769015,12.722985
61.779195,75.885552,12.659637,11.697492
61.964887,76.597883,12.316822,11.380069
62.580522,74.618210,12.039004,13.611868
61.722630,75.402496,13.202349,12.808215
61.237401,74.915125,14.602631,13.331218
62.368779,73.918134,13.735294,13.522082
63.678600,74.204010,12.899142,13.924608
64.725635,74.746678,13.318042,13.087895
65.448509,73.877181,12.771720,13.630325
66.009989,74.130378,12.918730,13.735870
65.893116,74.239446,13.688940,13.154968
65.005027,74.146769,15.338039,13.033246
67.168177,74.452496,14.322031,13.546205
68.146144,74.812388,13.781205,13.150629
69.303879,75.257299,13.342843,12.831287
70.432802,75.408240,13.048831,12.383587
71.538196,75.107544,12.175017,12.524207
72.010350,75.433053,12.453926,12.282826
73.738727,74.736066,12.869629,12.524784
73.711575,75.700559,12.601973,12.348896
74.090121,75.223298,12.856175,12.540955
74.661540,74.709094,12.174371,13.092050
74.764450,74.159674,12.809683,13.596444
74.569373,74.271818,12.506237,14.053480
75.168568,74.559947,12.240091,13.740388
74.920027,74.382374,14.040281,13.671274
75.155663,73.911714,13.468065,14.453670
75.775965,73.696952,12.613401,14.166690
76.675624,73.607301,12.037255,13.432735
77.220869,73.358384,11.850069,13.568058
76.408550,73.264999,11.868293,13.534308
76.414014,72.967454,11.982606,14.000713
76.555051,73.265751,12.309052,13.767066
76.293477,73.496614,12.652677,13.254162
75.696880,73.798487,13.125751,13.210412
75.268628,73.653772,13.116666,12.946550
76.743457,73.767935,11.655923,12.462777
76.667434,73.982785,11.889133,13.258766
73.006881,73.606674,15.677349,13.404273
75.470926,74.306188,13.987338,12.755436
77.620557,74.412715,13.479865,12.293290
77.077757,73.587993,14.799293,12.757091
69.831261,75.026832,17.201693,12.188720
72.125821,70.657638,21.265816,16.040619
72.990520,74.284073,17.073200,12.548002
74.821438,74.302071,15.730289,12.794401
75.842619,73.590431,15.697901,13.622844
77.277527,73.230976,14.590628,13.605784
78.140731,73.369269,13.719323,13.160886
78.934313,74.665671,13.952119,12.158466
79.447093,74.968632,12.970693,12.030652
80.062068,75.530768,13.898216,10.932287
80.071836,74.874587,15.526351,12.033006
81.776992,75.830987,13.182304,11.189495
82.136903,74.746259,12.482001,11.529243
83.681779,74.731031,12.852272,11.001266
83.792707,74.988890,12.833694,11.057740
85.473250,74.194558,14.230657,11.639218
87.445809,75.120803,12.556607,11.132152
87.860469,74.596693,13.722488,11.660464
90.578233,75.150828,13.121699,11.055771
91.652067,75.463164,13.170287,11.011147
93.585519,75.628913,13.719979,11.024616
95.910111,74.909319,14.016877,11.510367
97.653510,74.988534,14.469071,11.310006
99.713863,75.546766,12.658005,10.591132
99.871624,76.223691,12.785093,10.406799
101.431283,74.805460,13.728360,11.585024
102.300742,75.339722,13.723286,11.300649
103.970079,75.722403,12.841457,10.652154
104.808622,73.190526,15.053645,12.722061
106.815832,75.414607,13.046409,10.515042
106.907467,75.451042,12.827983,11.138923
109.079581,76.015898,14.008892,10.621344
109.562063,74.631930,13.097429,12.059486
111.666889,76.235071,12.924292,11.284511
113.298926,74.797613,13.326693,12.225756
115.592798,75.589616,13.919828,11.683536
117.028651,76.143833,12.717046,11.747221
118.950080,75.278898,13.622750,11.499083
120.997402,74.690800,13.141772,12.152082
121.613249,74.587322,14.568097,13.022380
123.399234,76.620073,12.914985,10.893741
124.514748,76.157564,12.749768,11.429068
125.590222,76.501186,13.412638,11.232039
126.893568,75.906797,13.197528,11.772205
128.249032,75.393782,14.449410,11.620989
130.190605,76.075173,12.748496,11.354653
131.481259,76.355136,12.238605,11.062696
132.813137,74.588703,14.735304,12.876021
134.412837,76.070193,13.648552,11.412610
135.989596,76.539467,12.605795,10.893160
136.548298,76.153365,13.849588,11.588307
138.535587,75.457559,14.740764,12.478283
140.466838,76.682809,14.086759,11.029262
141.818080,75.627664,14.404583,12.271564
143.289138,75.616973,14.569424,11.768041
145.037150,76.661614,13.611403,10.814436
147.019030,74.476383,14.958685,12.604307
148.465818,76.501694,15.747967,11.420450
150.315364,74.682061,15.098535,13.210252
152.342527,76.722766,15.354781,10.669126
154.460775,73.102706,15.435252,14.614270
156.343419,72.252314,15.856304,14.514981
160.387181,58.077933,23.065479,18.725227
158.910010,53.552818,26.565134,24.046789
158.344316,46.403138,30.325191,33.337620
162.421191,43.481011,25.235680,38.003063
163.341450,47.778747,29.533957,36.459030
163.202231,44.805795,26.456682,40.216839
162.647447,45.558913,27.471554,37.379807
136.712480,23.790667,18.957485,14.570955
135.239042,24.950599,20.221376,12.595107
141.833589,26.896166,13.982281,11.246614
140.432919,25.922690,16.533300,11.953857
138.684841,25.388151,19.044950,12.939281
139.683934,26.041529,18.251896,12.208714
139.116972,25.120360,18.927530,12.977952
140.595894,25.107298,18.718985,13.194582
141.013069,24.923331,20.023359,12.730409
145.395872,25.610580,18.573893,12.481369
142.007349,24.077823,19.374998,12.588729
144.467563,24.840191,18.671146,12.756835
151.812746,26.480655,12.378744,10.950523
148.223672,25.476008,16.638290,12.117543
150.647916,26.068608,15.524192,11.547848
150.611416,25.880180,16.422552,11.771197
148.416954,24.438977,18.317190,12.889755
152.157622,26.261794,14.407685,11.422711
148.730494,25.854258,20.081724,11.622457
154.761155,25.453404,15.014351,12.390046
153.589250,25.258968,19.322651,13.112230
154.851832,24.960946,19.255342,13.092671
154.263452,24.350158,20.954212,13.130179
155.167515,25.189169,19.387877,12.969606
155.702929,24.422599,20.899904,13.111209
156.367216,25.398324,19.013613,12.429986
158.380367,24.976349,20.650045,12.323495
159.804023,24.375560,19.871384,13.529017
161.070335,25.024416,19.297363,13.708114
161.218637,22.370532,20.790966,15.765141
161.907770,24.866948,20.070620,12.805710
161.978632,22.870710,21.561777,13.857002
165.076105,25.580296,19.087694,12.775865
166.775458,25.367784,18.185991,13.015778
169.701586,25.913936,16.844011,12.537403
172.208574,26.150494,16.002497,12.256227
167.904046,24.875425,19.377655,11.984893
171.999232,26.499481,19.130192,12.693094
172.749744,26.416355,18.176216,12.841085
175.501255,26.754528,16.087614,12.384074
176.600201,27.241572,16.821550,12.237059
177.410320,27.275194,17.128939,12.261606
176.787224,27.428366,18.441046,12.070073
177.636334,26.292524,19.352606,13.439157
178.197829,24.076598,20.502716,14.592762
182.073247,26.365674,18.881992,13.210060
183.087106,25.564277,19.514416,13.889232
186.429560,25.988165,19.455805,13.067046
185.976409,23.633866,20.903549,15.153024
187.968620,26.982338,19.877310,12.445261
190.484659,25.213294,19.462198,13.743576
191.647338,26.255879,19.273956,11.688550
192.913623,25.273199,19.406513,12.191465
195.118525,26.314231,19.643751,12.343349
196.381927,26.378837,19.094112,11.389697
199.019189,25.439905,19.820480,13.112242
199.540462,26.413093,19.383968,12.112330
201.048696,26.760522,20.086441,11.491107
201.153929,25.469566,17.530741,11.902167
213.671586,27.218930,20.193470,13.465168
216.517027,26.859560,18.320452,13.396021
215.283991,27.205122,19.323565,12.873903
221.378548,27.492483,13.874853,12.325992
215.761921,26.555164,19.744741,13.423862
217.790600,27.839131,18.968489,12.459969
218.050080,26.468019,20.109436,13.864708
217.917007,27.336275,19.945545,12.464850
221.190225,27.527813,18.570992,12.377803
223.455646,28.524060,17.492077,11.437061
223.731022,27.543565,17.344263,12.580734
222.237566,27.638399,20.357714,11.308597
223.051417,26.331906,19.467720,13.435475
224.644983,26.360437,20.057474,13.532772
224.495064,27.364641,20.348928,12.651819
226.157049,26.826520,20.751345,13.516758
226.557876,27.460543,20.226952,12.625154
227.292719,26.193211,20.816484,14.147635
230.120460,27.845862,19.481827,12.349253
230.971433,25.708099,19.599148,13.746483
232.680506,27.324718,18.776125,12.264586
235.561730,27.824110,17.543867,12.361262
236.542532,27.870693,17.549417,12.190784
234.432943,27.773889,19.883005,12.604289
234.897242,26.592163,20.892534,13.993503
234.477527,26.925799,19.962624,13.055563
236.486167,26.047263,20.408585,12.931786
239.105909,26.318872,18.617296,13.074833
241.026599,28.150185,16.525703,12.413381
240.988891,28.230510,17.775654,12.420166
237.347050,26.704978,20.288961,13.988174
238.496619,25.156171,22.017960,15.337376
237.762425,27.066276,20.177588,13.561698
241.098829,28.088881,18.659685,12.503351
239.019243,26.074518,21.557295,13.432292
240.138466,27.186803,19.799303,13.141514
239.375146,25.239812,21.377228,14.738918
240.578508,26.865894,19.775864,12.902762
241.514550,27.626752,19.167671,11.713947
241.800145,27.372584,19.676994,12.973320
242.871222,25.730407,19.410505,14.388016
241.746737,27.930661,19.511663,12.778317
243.173967,27.796162,18.103317,13.556128
242.118765,27.126292,19.984182,13.366353
242.304614,26.704155,20.497555,13.317592
242.014321,27.304846,20.483110,12.394529
242.101572,25.527150,20.894545,14.118772
242.752364,27.583076,18.758701,12.989547
243.101622,25.518649,19.886305,14.159275
244.999682,27.148122,20.639235,12.908058
251.784286,27.028645,19.484257,13.173182
261.361638,27.867393,16.900070,13.017146
265.107283,28.524146,18.520185,12.548920
272.230035,29.655762,16.246170,11.607771
270.380032,28.150256,19.240599,11.828072
273.341931,27.449574,19.688345,13.120278
273.361898,25.002555,21.155552,14.863998
277.019645,27.977882,20.300690,12.613874
278.301562,27.580186,20.274193,12.966145
283.530772,28.021968,18.573227,13.054993
287.058421,28.667803,19.470047,12.330835
293.457412,28.377865,18.241295,13.399233
300.472697,28.962071,16.830811,12.598321
307.186295,29.821635,15.427588,11.308064
303.803591,28.578475,21.206942,12.627435
305.933294,19.902517,23.014574,21.120852
307.141627,28.957021,19.958427,14.301623
311.307411,29.241300,19.746687,13.073689
309.076441,28.043503,20.600885,13.792275
310.580104,29.113072,19.818512,12.118417
311.295530,28.963400,20.390682,12.141501
311.119028,27.057153,20.685148,14.458729
315.040836,29.670161,18.230671,13.861900
315.636135,29.591290,17.355364,12.460611
316.011861,29.576510,18.527054,13.063218
317.066143,28.361127,20.170542,13.803664
320.290025,29.065078,20.376549,12.743884
325.623310,29.352925,18.051508,13.000847
324.502432,28.063639,20.266684,14.141020
326.771362,29.297871,19.241106,13.579377
326.475429,29.002159,20.390148,13.405330
329.346274,30.266582,18.273184,12.877338
328.760267,28.529824,20.256823,13.579839
331.367614,29.324882,18.635513,12.129561
334.332787,29.922002,20.065939,12.303073
339.864837,29.509314,16.847481,13.328629
337.187856,27.668136,21.179676,14.184910
337.438785,30.039433,19.280357,12.176439
339.848875,30.141489,20.425707,12.220346
339.852029,29.782037,20.395802,13.224254
338.709973,28.405995,21.699963,13.663109
342.813545,29.719564,18.988554,13.460990
342.218492,30.968024,19.691952,12.475346
341.919292,29.621324,19.167439,13.343261
343.666104,30.925040,18.983141,12.170346
343.316728,29.606775,19.510994,13.405356
341.851490,28.378891,21.226580,14.320018
342.636879,29.267037,21.222391,12.290612
343.937102,29.578641,19.810492,12.724114
347.324021,30.727233,18.829149,12.292478
349.795510,30.878233,17.708855,12.684790
351.237330,30.068704,17.875422,13.536708
347.244702,28.174203,20.291037,15.318488
353.313064,31.802626,15.587204,11.723546
349.206555,30.055897,20.266932,13.031434
349.662645,26.396378,23.510422,16.747587
351.341037,29.802185,20.680744,12.893348
352.273900,30.748650,19.985733,12.452314
353.924902,29.961484,21.444624,13.458085
355.084146,29.618821,19.916588,13.298837
355.152805,30.211168,21.061731,12.899649
359.924297,30.369499,18.744450,12.765459
359.125656,28.317503,20.629248,13.992300
363.992312,30.908973,18.373880,13.262507
371.259988,32.221292,12.463580,11.721984
366.431591,30.614620,18.605402,12.849672
365.259553,29.001099,20.668331,14.433802
365.342213,27.868915,23.745543,16.200840
362.730856,23.376528,27.932131,21.077688
366.434418,21.336303,26.222837,23.529095
372.477531,27.237525,21.798363,18.025478
374.882244,29.170800,21.626226,16.896286
376.084347,30.427717,21.055899,14.123557
379.966198,32.204145,18.486814,13.152428
380.489037,31.814718,20.332228,13.943331
379.916871,29.949422,21.546734,14.791850
380.778186,31.242389,20.332436,13.958533
380.500068,31.330588,22.074570,13.782104
381.588017,30.399981,21.040113,14.960779
381.981848,30.947893,20.652071,14.345897
382.741534,29.031505,21.714409,15.445220
382.327824,29.562425,21.672110,14.270687
381.746794,21.983049,25.666002,20.457544
382.209626,22.584362,24.837749,22.026564
383.050972,22.493752,24.876158,21.637182
385.139693,28.361897,22.767448,16.286894
386.078710,30.245829,20.379284,13.239587
389.299049,31.469870,19.308098,13.182237
393.221285,31.237683,15.337815,13.676838
391.215931,31.350687,17.129824,13.769247
397.642797,32.014574,11.357203,12.675322
398.663168,31.876047,10.336832,12.568544
390.489601,29.297034,17.797308,13.921844
391.282746,26.019374,16.881809,15.548718
393.543089,26.587848,15.404214,15.306782
394.887495,28.006250,14.112505,16.116697
396.622166,28.033554,12.377834,14.974223
399.000000,31.391069,10.000000,11.086590
399.000000,29.692103,10.000000,13.611687
399.000000,30.244124,10.000000,11.869280
399.000000,31.261913,10.000000,11.309394
399.000000,29.142942,10.000000,13.520473
385.494934,20.326388,22.650005,19.600374
373.555507,15.308602,29.428762,26.800343
350.299158,12.181293,47.934738,33.445137
329.575773,1.494445,79.027870,49.815475
315.966074,66.241336,54.327576,33.661659
335.874022,63.465591,52.790596,35.492477
311.135366,51.940953,68.484749,46.786823
309.357134,64.422986,67.226166,45.934666
344.952218,69.002778,27.915285,33.783108
349.295075,69.134232,20.365282,16.972021
350.647017,69.750176,18.700333,14.693509
352.742229,69.671816,17.258900,14.550341
352.419211,70.021645,19.751951,15.510328
352.477509,70.755852,23.176043,17.355398
352.588377,70.285873,19.551285,14.412879
348.662765,68.591812,30.990126,24.222349
352.195518,71.028806,20.065474,19.502048
353.332386,71.884015,19.498669,16.165340
353.139808,70.910176,20.424513,16.190250
352.953895,70.920498,19.237165,16.134726
352.743260,70.800220,19.913767,16.557663
352.771791,71.829784,21.672304,19.246695
353.705351,71.097747,21.021362,14.581238
355.144510,70.019873,16.891846,14.402932
353.160493,68.538565,27.318415,20.795092
355.877955,70.901847,20.552412,17.159805
357.451065,70.482180,18.463749,14.414521
356.345335,69.855882,21.789360,18.051800
357.539536,69.987725,18.897104,13.762272
357.605922,70.935437,19.210852,14.593411
357.887915,70.326916,17.799377,14.437811
358.922705,69.284977,19.679718,18.330458
358.815904,70.161863,16.886194,13.152697
359.694060,69.476591,19.110983,16.163420
360.692242,69.957575,18.136532,13.702336
361.992784,69.436483,22.823420,15.398437
362.114612,70.040922,19.257055,12.646926
363.430963,70.673775,19.264391,15.128869
365.240854,70.540123,18.099480,13.524913
366.099659,70.939053,19.694553,16.605959
369.452310,71.318054,18.006762,15.056903
370.839587,70.834305,18.145742,15.194108
373.117817,71.296543,16.818813,12.692477
374.477780,71.069079,18.531557,13.533505
372.938308,71.965978,25.476843,19.930565
376.514181,71.599720,21.848854,14.554346
377.574993,71.283113,18.012623,12.947540
377.403407,71.148102,20.808424,15.121218
379.547944,71.480541,17.795343,13.051234
381.306728,70.327067,21.483967,16.495613
383.386078,70.731929,20.934551,14.078484
384.565978,70.942260,20.583166,16.400757
385.578603,70.949382,21.131014,16.552544
387.280734,70.554614,20.215185,19.011681
388.627280,70.547228,18.370459,14.466692
387.631359,71.467372,19.722630,18.842461
389.555052,72.001184,18.677185,23.426723
389.610809,69.220964,18.803059,17.934368
390.212226,71.353427,18.365835,20.251701
390.847132,71.803904,17.532982,13.403887
390.648357,70.204238,17.282715,14.254238
390.373328,71.033253,17.530447,17.401674
390.859586,72.103886,17.417856,18.568666
391.664838,72.919039,16.581667,17.869703
393.117319,73.094460,15.882681,14.307839
394.541365,72.066533,14.156382,15.994515
397.229218,72.272011,11.770782,17.085344
396.178791,76.796097,12.622086,14.132836
399.000000,77.794685,10.000000,13.261454
397.329487,78.016300,11.670513,13.967623
395.566750,77.801732,13.433250,15.873020
398.131434,78.763235,10.868566,21.156946
398.025368,77.245505,10.974632,17.260532
397.489185,76.403975,11.510815,13.876863
396.976420,76.822919,12.023580,15.780197
399.000000,75.464392,10.000000,17.987692
399.000000,77.468204,10.000000,14.181099
395.465494,78.379088,13.534506,11.226486
396.933934,77.822966,12.066066,12.579438
395.649892,77.058189,13.350108,17.803444
394.628015,73.068044,14.371985,19.670795
374.108214,61.155772,29.819363,30.788315
355.604896,61.785047,16.152910,18.911518
356.102244,63.360746,14.469837,16.524067
357.859385,63.410040,13.493634,15.405791
357.643572,63.911014,13.108023,15.868465
357.295103,63.068722,13.533873,16.068308
356.243108,63.990426,13.293269,14.964447
357.518891,62.938449,13.557850,16.168213
356.737058,62.664546,15.080374,16.260471
356.967505,63.737818,13.375207,15.270086
358.274364,63.645269,13.850608,15.185959
357.846476,61.505684,14.322971,16.645082
358.770621,61.932846,14.506725,16.366007
359.694330,63.984808,12.665647,14.727751
358.256959,62.449500,12.723121,15.712377
358.476344,63.316709,14.352393,15.275356
358.426273,63.482400,12.833181,14.938565
358.002742,63.128216,13.264412,15.486528
358.200082,63.384191,12.925063,15.349831
359.672927,62.806254,13.041846,15.406465
359.425425,63.596976,12.757988,15.438190
360.568836,62.824432,13.574629,16.274351
361.921406,63.933270,12.613820,14.808115
361.367251,62.666229,13.623001,16.402674
364.491403,63.628586,12.618570,15.386983
365.995188,64.972725,11.888779,14.820968
366.588242,63.596062,13.644254,15.843756
368.385678,63.131284,13.202629,16.096531
370.461181,63.853126,12.726885,14.792121
370.927836,62.275765,14.157269,16.802164
372.037041,63.671824,13.796692,15.319792
374.635238,64.064318,12.338004,14.774407
375.426739,63.144574,13.425781,16.270172
377.065634,64.006482,13.375466,15.687695
377.540216,63.364540,13.689848,15.656412
378.572948,62.479301,16.388281,16.654442
380.609447,62.224348,15.341285,17.109865
382.421297,61.597273,16.637560,18.542185
383.649779,62.294408,15.734375,16.790524
385.061640,62.708161,14.198807,16.893528
384.331217,63.392391,17.425432,17.329679
387.447948,64.156792,14.612464,15.856169
389.359411,64.304909,13.580117,15.076742
388.743487,64.105697,16.334190,16.107277
388.585570,63.739509,15.771271,16.028114
389.031098,64.683125,15.396352,15.668066
389.487405,64.552990,16.973507,15.972490
386.020838,64.216172,20.610828,19.610222
363.789433,58.514999,37.330853,25.303751
357.416509,59.337137,20.348383,19.180777
354.980173,62.031726,23.743021,18.416035
358.452934,61.153898,18.725050,16.819677
359.583867,61.812741,18.782352,16.755455
361.624651,62.324580,18.506586,16.225735
356.912410,63.043876,21.223516,16.958057
358.960473,61.440536,21.531132,16.759655
360.566683,62.485250,21.668657,16.846390
363.198378,62.890934,18.810577,16.315371
363.716002,62.385737,20.975075,16.972784
365.176000,62.638436,19.535212,16.273888
365.370357,62.563690,17.557196,16.258806
362.119233,61.790159,25.283329,18.423727
361.680904,60.219900,27.855276,19.641722
357.912612,62.983743,31.273331,17.214218
368.560421,61.559051,19.595732,17.247997
370.940945,62.840136,19.973804,15.949307
372.506440,62.343495,18.271084,15.673683
373.094658,63.151427,18.847883,15.952825
374.832728,61.977085,18.216377,16.079187
374.699291,61.661445,20.665472,16.869144
374.944794,61.244889,23.179470,16.858200
371.538299,61.035753,25.830000,18.794691
379.195941,61.293176,19.209763,16.125130
375.637267,61.454970,23.443863,17.448864
381.642351,60.976920,19.600176,16.657803
381.132761,61.781779,21.546602,16.568714
384.856641,61.433740,19.445919,17.424591
382.742672,62.377878,23.325766,17.399321
387.068240,60.715496,21.044243,18.261316
384.842169,62.677186,22.516253,17.797768
386.667216,61.928241,20.826805,18.874989
370.926451,67.892736,17.919659,14.183128
374.154144,69.123190,15.051431,10.746751
373.929391,63.904493,13.314224,14.510469
373.781606,63.655965,14.903963,16.307323
374.733927,67.731187,18.198135,12.517840
380.676529,69.957219,14.225194,10.441975
379.395564,67.146656,15.960917,12.542712
379.465016,66.618399,15.032720,12.944253
379.643215,66.750192,15.824522,13.062346
379.410397,65.705013,15.749153,14.148058
380.168262,66.760503,16.694162,12.651493
380.699396,67.269299,16.408251,12.546282
381.103114,67.917478,16.994431,11.844147
381.626369,68.238005,16.063848,12.305814
381.395987,68.003563,17.806580,12.484557
379.458588,67.668535,19.415783,13.929473
383.610014,66.607981,16.199739,13.089155
383.816967,66.200168,15.957750,13.608459
382.586643,66.953621,18.114206,12.972772
385.215983,67.289709,15.029156,12.856925
385.458043,67.202345,15.761528,12.574780
385.950019,65.040425,14.769012,14.815945
386.692103,65.387783,15.679917,14.062896
387.439937,67.256037,15.665755,12.758955
389.518581,67.206048,15.803255,12.737736
389.503703,67.706360,15.934852,12.508696
389.209264,66.716790,15.960672,13.602834
392.386883,68.281808,15.810474,12.144223
394.017994,70.115024,14.577287,10.727405
394.229863,65.839724,13.267300,13.661321
392.277952,63.353770,15.935548,15.840741
378.856518,70.621207,13.553300,10.000000
377.902892,68.070700,14.742999,10.742627
382.348365,69.546614,11.599795,10.000000
381.521661,68.247900,13.030162,10.210603
380.138130,68.164742,15.151846,10.575730
383.169870,69.173472,15.214393,10.000000
387.602648,71.200524,12.052155,10.000000
389.113218,70.737523,12.696259,10.000000
390.550920,70.066116,14.090528,10.000000
392.987858,70.403479,12.786741,10.000000
396.264605,70.899003,12.379521,10.000000
396.086742,69.882264,12.459291,10.000000
397.280352,69.983356,11.183647,10.000000
399.000000,69.949227,10.000000,10.000000
396.019267,70.122003,12.980733,13.395820
390.824233,70.783055,18.175767,16.847401
384.740151,69.924036,24.259849,17.330690
379.227189,64.366718,29.772811,18.375853
354.739743,64.713230,15.109273,11.502715
354.956585,65.818858,14.077258,10.619919
354.403318,65.380378,14.967511,11.067501
356.686084,65.526155,14.376591,11.114075
354.764233,65.855797,15.653654,10.871836
355.685603,65.964845,14.084905,10.332176
355.115543,65.772887,14.928391,10.657578
355.310929,65.048061,15.537099,11.596176
357.877947,66.089030,15.538092,10.621189
360.071724,67.067816,14.974360,10.291898
358.691640,66.876280,15.472905,10.000000
361.398734,65.738544,15.051752,10.901987
361.036252,66.996574,14.856614,10.239984
363.584362,66.911945,13.866501,10.000000
362.408240,66.950851,14.547315,10.000000
360.701634,66.542928,14.499919,10.735269
362.727542,66.076382,14.888758,10.848136
360.922582,66.155802,13.355774,10.540816
362.986352,67.386520,14.325033,10.000000
363.790965,66.387894,15.839266,10.821200
366.384194,65.527392,14.146441,11.597247
364.053944,66.218632,15.887491,11.009222
364.470374,65.814190,13.370279,10.823997
361.535960,65.627120,14.066094,10.729619
364.692536,66.919970,14.167729,10.000000
364.528558,65.741802,17.012653,10.970807
368.097423,65.695126,14.066003,10.712976
368.168306,66.381651,14.244662,10.428471
366.522548,65.067425,15.873250,11.907647
366.194440,65.389587,13.656670,10.933093
362.682043,66.657581,15.837845,10.399041
370.035595,66.395891,13.373401,10.000000
367.452107,64.971790,15.719760,11.726292
368.118315,66.040755,14.920703,11.151003
364.959282,64.755814,14.686710,11.558031
369.006742,66.256749,14.350761,10.499701
366.051330,65.116972,17.074009,11.705574
368.177406,66.191990,15.861134,10.942904
364.463427,64.945517,15.501085,12.176867
367.296881,63.765338,15.119585,12.852827
366.572666,65.603140,16.498833,11.418009
368.376772,65.845584,16.491751,11.008345
369.664171,66.759274,14.494964,10.585765
369.351164,65.876421,14.231231,11.510859
368.815682,66.015346,13.991842,11.146446
366.887631,65.816748,13.177073,11.007899
367.022880,64.985560,16.665596,12.423255
368.346447,65.582022,16.346828,11.803816
368.493191,66.572507,14.929052,11.479929
367.089517,66.244836,16.321892,11.002846
369.120107,66.797791,15.856614,10.697756
364.673125,64.766897,17.262632,12.259773
369.675510,65.772347,15.418537,11.994902
367.872757,67.022409,14.687561,10.962934
367.158483,67.440220,13.824750,10.053874
369.524332,67.639812,14.423515,10.554005
368.954330,66.841534,16.025097,10.759265
373.166258,67.823501,13.193847,10.000000
372.799748,66.452334,14.738307,10.274731
375.742072,65.316662,14.333291,10.917771
374.623991,65.715512,16.068626,11.407250
373.411979,65.989707,15.689606,10.862694
376.648914,65.643895,14.868072,10.972089
376.009450,66.183818,16.085663,10.972602
374.714420,65.043014,15.958881,11.411101
377.078934,66.517354,14.836756,10.188126
377.913809,65.659529,13.626963,10.787073
375.549491,64.934547,14.750021,11.646664
378.719134,66.504972,14.118409,10.799708
378.099351,66.294071,14.695438,10.582339
378.364531,66.420568,13.128313,10.221245
379.310038,66.323835,15.079737,10.747484
376.388715,65.454268,15.378708,11.934865
376.065656,65.977656,15.030114,10.681803
375.288648,65.638870,14.963799,11.341395
377.150983,65.674323,14.276254,11.639390
376.013956,67.362499,15.230720,10.455328
376.426682,67.108359,14.424815,10.007798
377.154602,66.833191,14.795437,10.000000
375.177304,66.194580,16.243280,10.975821
377.521898,66.392737,15.513129,10.529449
376.564263,65.724338,14.518095,11.318012
379.175054,67.699979,14.182061,10.000000
376.472772,66.540288,15.389210,10.000000
375.792620,66.047251,15.115039,10.503507
375.113710,66.047668,15.807461,11.049277
378.827118,67.438145,13.877069,10.111413
379.409869,67.265680,13.293225,10.938253
379.544707,67.377238,11.758382,10.173435
377.121138,66.894065,15.893970,10.300068
379.696505,65.768070,15.272525,10.985842
377.946262,65.853537,15.264556,11.033779
380.780824,66.787847,15.067853,10.465258
379.834351,65.949142,14.332315,10.251638
379.046060,66.723788,14.671406,10.046844
379.913078,64.921712,13.713954,12.661114
382.746872,66.298107,15.367216,10.910581
381.557474,66.208342,14.953944,11.268921
383.963574,67.354825,14.516021,10.413101
382.238617,67.577978,14.585212,10.000000
380.319273,65.938054,16.247547,12.208104
380.932065,66.492451,17.696257,11.109671
384.276305,67.011796,17.669600,11.120710
388.929760,67.469171,14.220046,11.294296
386.204884,66.849470,17.438009,11.396797
390.391498,67.619575,15.491135,10.975826
387.426640,67.418923,14.736677,10.028318
385.931018,66.898946,17.338795,11.840393
387.053947,66.935489,18.936424,11.322472
391.098458,66.556563,16.973639,11.986962
391.013674,67.292559,17.234148,11.100756
390.591119,67.358278,17.122585,11.373283
394.562707,68.241066,13.964341,10.257083
393.795700,69.402311,14.330021,10.000000
392.625948,67.490939,15.451939,11.406360
390.738366,66.758593,15.925508,11.766525
383.901456,64.932747,22.569145,13.720510
368.751453,62.464256,36.530560,19.453548
357.655712,63.226395,29.317577,17.507526
349.480939,63.150443,35.909920,24.266851
353.338962,64.923820,44.965466,20.784933
358.259962,64.420175,28.133537,17.499994
363.021017,66.105285,21.971748,13.772902
363.974718,65.527347,20.587288,13.330632
359.620620,63.616989,24.680103,17.735340
363.332363,66.219373,21.444942,13.962785
362.143381,65.790879,21.199593,13.409846
368.659166,67.758339,20.422211,12.620060
363.731272,66.478228,23.578333,16.248878
363.619074,66.346755,21.812616,13.043089
368.492374,67.475890,16.813454,11.478820
372.207677,67.846868,14.213994,10.655828
369.350338,67.270690,17.460602,11.156127
374.763271,68.390532,12.432921,10.079356
374.523095,68.228295,11.095628,10.000000
374.448517,68.682561,10.363016,10.000000
375.926355,68.922590,10.526408,10.000000
375.311237,68.350530,11.622283,10.000000
374.669034,68.832549,10.835440,10.000000
375.190217,67.988012,12.041708,10.113278
375.668837,67.705889,11.123789,10.000000
374.649341,68.248887,12.165932,10.000000
375.015852,67.979097,11.816826,10.000000
374.715752,68.325439,10.475879,10.000000
372.341524,67.501933,13.545478,10.000000
376.767375,67.978630,11.007624,10.000000
377.150910,67.898635,11.224806,10.049474
377.394482,68.362958,10.803991,10.000000
377.522483,68.782850,10.750759,10.000000
376.267264,67.872611,12.475088,10.000000
377.182298,68.062902,11.918098,10.409236
377.986773,67.771487,11.588213,10.000000
377.938726,67.931283,11.938285,10.000000
377.700023,67.756067,12.851251,10.127947
377.603064,67.230899,14.073755,10.586242
377.744892,67.044284,17.999958,11.245634
378.912560,67.296539,15.183593,11.045823
379.816722,68.379573,21.272869,10.134245
381.443847,68.165028,22.384949,14.764031
372.163003,66.817603,29.320524,19.983715
376.467139,63.144761,30.682184,18.342201
355.182125,61.070625,46.183594,28.934557
312.186687,80.550186,52.253105,25.112902
312.580637,81.456563,22.992634,21.460609
313.012716,85.124924,22.332676,21.834610
315.246595,83.925550,19.594151,18.361959
313.202335,83.481029,24.786583,20.037600
317.305280,85.567634,20.254536,19.110910
318.574190,84.643747,19.307781,18.644354
314.604415,84.079697,25.761980,20.014458
322.174464,85.626848,18.746874,17.625586
319.604632,84.648733,21.723627,19.728613
320.173303,85.291141,20.608837,18.701593
320.558668,84.350755,20.219913,19.560492
317.789862,85.447757,25.420084,19.517214
323.741297,84.733432,20.253977,23.311121
322.450507,84.529484,21.766459,17.867508
321.607211,83.566819,21.797449,19.279007
321.157885,85.750146,20.676012,18.708237
322.104479,84.031268,19.069292,19.403492
320.304076,85.581194,22.621836,19.172352
322.077804,84.412268,20.858025,18.769245
320.021878,82.850772,23.486021,20.228985
321.193021,84.449630,20.411869,18.686007
322.320490,85.381581,20.536394,18.821136
322.650090,84.795065,20.105268,19.711605
317.059301,81.018392,26.818615,22.333357
321.670901,84.408472,23.841341,20.532049
322.005530,84.223760,25.357897,19.136282
320.525841,85.984463,24.800703,19.378983
323.054253,84.696711,18.968191,18.145428
321.968611,86.126646,21.498606,17.105307
322.594825,83.571483,20.395035,19.480684
321.557088,84.811043,22.303776,18.784492
319.705502,84.578820,23.143187,19.633446
323.540278,84.711423,19.304537,20.130089
321.714043,84.786779,20.284636,19.107534
322.635300,83.298214,19.929647,20.310518
322.079600,83.276423,20.866121,18.560848
321.975639,84.842249,18.071518,18.182005
319.637753,83.144065,20.977682,19.998890
321.393363,85.237227,19.538057,17.937229
320.898330,83.260388,20.477005,17.958260
320.052207,82.158961,22.594561,19.461819
319.685278,83.261133,22.539608,22.668440
321.474670,83.656083,20.303413,17.751534
317.174632,83.584872,22.518274,19.336720
322.185269,84.210429,20.932783,17.998981
320.110605,84.614719,21.741116,18.727053
321.609423,84.242539,20.425035,19.045822
320.290526,83.741770,22.134111,19.295521
321.124902,82.327039,22.763958,19.256857
320.127170,83.710315,21.604172,18.587992
321.767647,81.726450,20.200941,20.677237
318.873399,84.035901,23.197643,19.185699
320.138177,83.126746,21.629721,19.797871
320.793469,82.450552,21.749022,19.302092
319.296469,84.355975,21.641550,18.685337
319.335929,82.547740,20.336746,19.733471
320.327606,84.439067,20.447792,18.198933
319.241790,84.021130,21.681763,18.104095
319.187542,85.829178,21.453178,18.383156
319.102539,83.942763,21.381973,18.868771
319.254166,85.257774,22.430128,17.501535
321.380506,84.853801,20.210972,18.179026
320.493381,83.299048,19.940651,19.526669
319.674434,82.558221,21.102234,19.857916
319.259087,84.670953,21.953672,18.632368
319.824124,82.013466,20.913382,20.068237
318.429416,84.054193,23.818222,19.362616
321.256602,82.283866,19.803782,19.189625
320.530432,83.083717,20.024286,18.379213
320.753559,82.826398,21.252472,18.413069
319.116006,84.660402,22.455135,18.234892
318.160636,81.437429,22.779451,20.922972
312.082229,82.025801,27.956688,22.720638
317.549350,82.044201,24.317192,20.875488
319.304011,85.260667,20.386034,18.188665
314.800360,81.899779,28.004038,22.586742
318.899609,79.994823,25.780317,22.415537
320.249391,82.575325,22.471409,19.689844
318.704234,85.420172,22.594988,18.811413
319.731743,82.541000,20.676474,19.850946
319.088541,85.801900,22.739132,18.174215
320.087198,82.674238,19.501377,19.772627
322.338582,87.635042,18.833693,16.498442
320.966689,84.883670,21.688181,18.290468
315.272171,81.954436,27.474747,21.608395
319.483644,83.944909,25.191753,24.474594
319.587765,83.465717,23.308470,19.695253
321.218830,84.146633,20.589531,18.420816
319.010124,83.854998,21.322136,18.813328
320.546186,84.420068,21.006374,17.787092
318.095094,84.070521,23.059887,19.335178
320.755568,85.281218,20.433596,17.871403
321.279671,83.099537,20.609259,19.475695
320.603183,83.110843,21.165359,18.828386
318.511328,83.353659,23.516634,19.627712
321.170804,83.214089,20.642233,19.499794
321.261588,82.929803,21.268114,19.111023
321.302802,83.024212,20.757418,19.023445
318.353872,83.667653,22.956364,19.340385
320.937465,86.001881,20.383446,17.373260
319.438768,84.647370,22.739330,17.040115
321.485235,82.270737,20.157772,20.400879
319.753203,84.470637,21.106043,18.459690
320.035079,82.836177,20.922609,20.309931
320.192311,84.472698,20.819059,19.380342
321.528390,82.840886,19.848562,17.969551
320.520001,83.519298,21.423620,18.164644
319.962884,83.567654,20.721661,18.868103
320.490175,86.213830,21.410107,18.162201
319.989759,84.233287,22.387981,17.249269
319.822238,83.071061,21.579012,19.313835
319.083812,83.526782,22.348694,19.515041
318.701521,85.259952,23.823511,19.376932
320.713763,83.069695,18.977221,19.233643
318.572404,83.567062,23.712704,18.975443
320.336363,84.079476,21.720499,18.314240
317.049990,82.940209,25.360163,20.540291
319.906733,84.484004,21.115671,18.824070
320.075914,84.449765,22.500828,18.576622
321.410101,82.121297,19.205088,19.509497
319.487427,83.426937,23.247084,18.365519
318.847115,83.819180,22.546865,19.428047
321.144801,83.564152,20.408777,18.759933
319.771460,83.778769,21.020044,19.279232
319.317433,81.383184,22.962164,20.814482
320.970740,83.033446,18.995806,18.461987
319.707611,84.883622,22.315964,17.208008
320.719623,82.075896,20.115128,20.590984
319.163492,83.770836,23.331059,19.656357
321.714200,82.539840,20.572416,18.289248
320.415409,83.790820,20.794197,17.554150
318.999546,83.446316,24.194618,18.962990
321.150978,83.502882,20.146164,18.919859
319.668260,83.601207,21.424580,18.866419
319.810999,80.309443,21.841105,21.483044
315.632157,81.823732,27.004072,22.125219
320.871004,83.151084,23.258892,22.766804
320.066355,84.066023,23.120371,18.462200
322.153521,83.195816,20.352610,19.345552
317.762954,85.558033,23.946854,18.344294
320.410282,82.932578,19.962547,18.597881
320.693173,84.870533,20.707327,18.734842
320.652134,83.068126,21.957970,17.898073
319.425927,84.351409,21.290358,18.809994
319.710657,82.276352,20.795238,20.224413
319.068305,83.626233,22.178171,19.452438
322.161219,88.773809,19.743250,16.832693
317.717151,85.595190,22.823761,18.629698
319.850374,84.368606,18.981930,18.872400
319.807317,84.058888,22.863506,19.613274
320.127812,84.752758,23.251768,18.470789
321.227683,82.776602,22.249262,19.501484
321.175697,82.835072,22.811211,18.776291
320.674056,83.036384,20.001284,19.002604
316.151191,82.270487,25.341469,20.479580
321.712039,85.365880,19.683619,18.610291
319.119957,84.054620,22.998947,17.364233
316.228602,84.752768,25.611887,19.656033
319.674985,82.325793,21.864546,19.834637
318.321816,83.062694,23.583456,19.728350
319.906423,84.440765,20.152065,19.300203
321.301546,83.777867,19.916348,18.385246
318.509768,83.549725,22.350382,19.204308
319.031580,84.685342,22.356228,19.142118
320.638119,83.221440,19.720137,17.310524
320.396766,84.732634,20.928055,17.415333
315.469287,81.933105,27.199381,21.600267
320.877933,83.932598,19.830795,19.938616
320.542715,82.371504,19.783985,19.851864
319.472373,84.892998,22.661303,19.613304
321.039228,82.784644,19.690571,19.547085
321.064375,83.825271,21.873089,19.000734
319.020911,84.343740,23.347223,19.568304
321.102110,83.178407,21.298868,18.753462
312.766923,81.908130,29.095615,22.568110
320.523518,83.526559,21.730780,19.676367
321.769552,82.630464,20.033154,19.635405
319.334781,84.248923,22.301147,18.890514
321.205133,84.250778,20.506992,18.671381
320.762993,82.928166,21.569059,18.528542
318.698217,83.562783,23.453121,18.775963
318.422368,84.817147,24.294714,19.007431
321.278445,82.750532,19.735857,19.457975
319.709381,83.932252,20.976242,18.575310
320.281161,82.011802,20.220949,20.564898
321.112106,87.181038,20.377892,17.228739
318.641306,82.912948,23.732615,20.718142
320.242035,83.766792,21.776136,18.761560
