154.400000,99.200000,4.800000,3.400000
152.305200,99.702603,10.000000,10.000000
150.213759,99.820691,10.000000,10.000000
148.496634,100.122895,10.000000,10.000000
147.501391,101.130616,10.000000,10.000000
145.408811,101.482791,10.000000,10.000000
145.516219,102.659633,10.000000,10.000000
142.705137,102.446234,10.000000,10.000000
141.431765,103.747000,10.000000,10.000000
140.743739,103.746468,10.000000,10.000000
139.845753,103.662235,10.000000,10.000000
139.895627,104.117174,10.000000,10.000000
139.058603,105.098557,10.000000,10.000000
137.826204,105.613022,10.000000,10.000000
136.694179,105.214730,10.000000,10.000000
135.058649,106.407742,10.000000,10.000000
134.369967,107.173703,10.000000,10.000000
132.484079,107.709657,10.000000,10.000000
132.657383,107.781035,10.000000,10.000000
132.580953,108.597959,10.000000,10.000000
132.792799,108.851670,10.000000,10.000000
130.730209,109.298194,10.000000,10.000000
130.549050,109.672856,10.000000,10.000000
131.033691,109.066791,10.000000,10.000000
132.108070,109.217462,10.000000,10.000000
130.851053,109.616737,10.000000,10.000000
128.852685,109.584381,10.000000,10.000000
127.784631,108.886109,10.000000,10.000000
126.372470,108.952048,10.000000,10.000000
125.373965,108.831457,10.000000,10.000000
125.058215,107.658721,10.000000,10.000000
123.839722,107.002750,10.000000,10.000000
124.573674,106.672806,10.000000,10.000000
125.730754,105.904594,10.000000,10.000000
124.740020,104.053741,10.000000,10.000000
123.611741,102.927930,10.000000,10.000000
122.668672,102.309297,10.000000,10.000000
123.860700,101.563482,10.000000,10.000000
124.196307,99.571932,10.000000,10.000000
123.158477,100.060798,10.000000,10.000000
121.592696,101.418338,10.000000,10.000000
119.436937,102.189880,10.000000,10.000000
118.391564,102.453372,10.000000,10.000000
118.561053,103.503309,10.000000,10.000000
118.802767,103.491419,10.000000,10.000000
120.034588,104.660669,10.000000,10.000000
118.072587,104.021054,10.000000,10.000000
116.603211,105.102870,10.000000,10.000000
115.155706,105.330234,10.000000,10.000000
115.430038,105.903726,10.000000,10.000000
114.646270,105.989717,10.000000,10.000000
113.178410,106.246496,10.000000,10.000000
115.631083,106.337657,10.000000,10.000000
114.839980,106.258771,10.000000,10.000000
114.696481,106.030706,10.000000,10.000000
114.008393,105.944834,10.000000,10.000000
113.188566,106.348389,10.000000,10.000000
112.151896,107.189312,10.000000,10.000000
110.959353,107.337583,10.000000,10.000000
109.082672,107.942778,10.000000,10.000000
108.079925,107.710878,10.000000,10.000000
106.405088,108.137142,10.000000,10.000000
105.367502,109.062477,10.000000,10.000000
104.084127,109.268049,10.000000,10.000000
102.556018,110.420393,10.000000,10.000000
102.443898,110.705852,10.000000,10.000000
104.246375,109.900494,10.000000,10.000000
103.014752,110.234042,10.000000,10.000000
103.097402,111.299250,10.000000,10.000000
101.718580,111.532011,10.000000,10.000000
100.067436,111.157112,10.000000,10.000000
99.458399,112.438026,10.000000,10.000000
99.484612,113.444293,10.000000,10.000000
100.513117,113.409984,10.000000,10.000000
100.422521,113.489443,10.000000,10.000000
100.719546,113.979594,10.000000,10.000000
99.490843,113.214352,10.000000,10.000000
99.706131,113.821943,10.000000,10.000000
97.619682,113.873603,10.000000,10.000000
97.976538,114.639074,10.000000,10.000000
99.390533,114.088783,10.000000,10.000000
99.794028,114.411941,10.000000,10.000000
98.969943,115.448493,10.000000,10.000000
97.271404,115.664899,10.000000,10.000000
96.028977,115.091520,10.000000,10.000000
94.741293,116.213087,10.000000,10.000000
92.880312,117.029209,10.000000,10.000000
92.240190,116.972762,10.000000,10.000000
93.420242,116.811514,10.000000,10.000000
93.399848,116.776926,10.000000,10.000000
92.451801,116.582408,10.000000,10.000000
92.433071,115.674363,10.000000,10.000000
91.561609,115.819895,10.000000,10.000000
89.896694,115.795766,10.000000,10.000000
90.598138,115.129715,10.000000,10.000000
90.368809,115.444898,10.000000,10.000000
91.264843,115.634252,10.000000,10.000000
89.561995,114.647203,10.000000,10.000000
88.853314,112.785727,10.000000,10.000000
90.207665,112.321943,10.000000,10.000000
90.689382,113.272440,10.000000,10.000000
89.293757,112.931253,10.000000,10.000000
89.161539,113.054944,10.000000,10.000000
88.332664,113.990083,10.000000,10.000000
87.213222,114.332790,10.000000,10.000000
86.739827,115.289869,10.000000,10.000000
85.571458,116.416548,10.000000,10.000000
88.675026,116.377573,10.000000,10.000000
89.728589,115.538300,10.000000,10.000000
89.571399,114.902357,10.000000,10.000000
89.984980,114.424556,10.000000,10.000000
89.041540,115.375482,10.000000,10.000000
86.937465,115.426297,10.000000,10.000000
86.038890,115.434754,10.000000,10.000000
86.870831,114.476067,10.000000,10.000000
84.987145,113.988565,10.000000,10.000000
84.461018,112.932207,10.000000,10.000000
84.099871,112.768053,10.000000,10.000000
83.217061,112.151787,10.000000,10.000000
83.022803,112.695329,10.000000,10.000000
84.542389,113.156630,10.000000,10.000000
87.790103,112.700115,10.000000,10.000000
89.519250,112.842931,10.000000,10.000000
89.732714,113.247189,10.000000,10.000000
88.339700,113.862740,10.000000,10.000000
87.973012,113.136894,10.000000,10.000000
87.800512,113.296214,10.000000,10.000000
88.625125,112.880695,10.000000,10.000000
87.985203,113.004483,10.000000,10.000000
88.362927,112.615252,10.000000,10.000000
88.923410,112.588082,10.000000,10.000000
88.912384,112.391291,10.000000,10.000000
88.755265,112.638067,10.000000,10.000000
89.805281,111.621685,10.000000,10.000000
90.972289,112.472638,10.000000,10.000000
97.026138,114.466869,10.000000,10.000000
96.961245,114.171073,10.000000,10.000000
100.635959,113.413565,10.000000,10.000000
100.121500,114.356392,10.000000,10.000000
98.723303,114.821442,10.000000,10.000000
97.187320,114.546132,10.000000,10.000000
97.435642,114.471203,10.000000,10.000000
97.186440,114.810143,10.000000,10.000000
98.223568,113.653105,10.000000,10.000000
97.026186,114.164082,10.000000,10.000000
95.333748,115.315264,10.000000,10.000000
94.245606,115.514555,10.000000,10.000000
93.124593,114.492305,10.000000,10.000000
93.636926,116.100385,10.000000,10.000000
94.347314,114.790736,10.000000,10.000000
95.204598,113.861345,10.000000,10.000000
94.273115,113.790803,10.000000,10.000000
93.665823,113.224713,10.000000,10.000000
91.929625,113.424184,10.000000,10.000000
90.824715,113.591312,10.000000,10.000000
89.546992,113.265132,10.000000,10.000000
88.598439,113.136701,10.000000,10.000000
89.006019,112.468997,10.000000,10.000000
91.915335,112.174386,10.000000,10.000000
90.442361,111.964403,10.000000,10.000000
89.572148,111.917136,10.000000,10.000000
89.642577,112.196066,10.000000,10.000000
89.296588,112.708884,10.000000,10.000000
89.625010,112.073752,10.000000,10.000000
92.473014,112.813303,10.000000,10.000000
93.759229,113.890249,10.000000,10.000000
94.566853,113.407396,10.000000,10.000000
95.025695,113.185132,10.000000,10.000000
95.942540,111.178935,10.000000,10.000000
95.567677,110.766822,10.000000,10.000000
93.785502,111.373740,10.000000,10.000000
93.719448,112.291291,10.000000,10.000000
94.411987,112.600302,10.000000,10.000000
95.698004,112.500797,10.000000,10.000000
95.449599,112.367762,10.000000,10.000000
94.287781,113.388068,10.000000,10.000000
93.629880,113.646107,10.000000,10.000000
94.608322,111.506801,10.000000,10.000000
94.398924,111.520123,10.000000,10.000000
95.387754,110.592661,10.000000,10.000000
93.775269,110.791463,10.000000,10.000000
93.313062,111.524626,10.000000,10.000000
94.554803,110.966189,10.000000,10.000000
94.050269,111.760375,10.000000,10.000000
94.747471,111.504360,10.000000,10.000000
93.719305,111.338797,10.000000,10.000000
94.103848,112.414452,10.000000,10.000000
93.890538,112.359592,10.000000,10.000000
93.039799,112.346289,10.000000,10.000000
92.894951,111.972352,10.000000,10.000000
91.239828,112.067370,10.000000,10.000000
91.029582,112.098576,10.000000,10.000000
91.141707,111.629628,10.000000,10.000000
91.518098,111.191672,10.000000,10.000000
93.206728,110.348613,10.000000,10.000000
96.319551,109.629265,10.000000,10.000000
94.843386,107.537844,10.000000,10.000000
92.914144,107.813111,10.000000,10.000000
92.338666,108.563983,10.000000,10.000000
93.481077,108.164560,10.000000,10.000000
94.676242,107.800159,10.000000,10.000000
94.295475,106.839385,10.000000,10.000000
94.288324,106.554932,10.000000,10.000000
93.307143,106.369538,10.000000,10.000000
91.951971,107.610920,10.000000,10.000000
90.096990,107.538825,10.000000,10.000000
90.902242,106.836020,10.000000,10.000000
89.833473,107.608609,10.000000,10.000000
89.051890,107.836111,10.000000,10.000000
87.564898,108.508402,10.000000,10.000000
85.535548,108.322475,10.000000,10.000000
84.811073,110.048664,10.000000,10.000000
83.342701,110.434719,10.000000,10.000000
84.241221,110.754478,10.000000,10.000000
84.520282,110.692201,10.000000,10.000000
84.829820,110.480915,10.000000,10.000000
84.832911,111.311948,10.000000,10.000000
82.679251,111.421686,10.000000,10.000000
82.282926,112.048911,10.000000,10.000000
83.149683,112.082768,10.000000,10.000000
82.576547,111.996942,10.000000,10.000000
81.334114,112.403654,10.000000,10.000000
81.251581,112.887334,10.000000,10.000000
82.559588,111.916788,10.000000,10.000000
82.492942,112.595940,10.000000,10.000000
83.333342,112.387676,10.000000,10.000000
81.765915,113.543172,10.000000,10.000000
79.785505,113.290414,10.000000,10.000000
78.555060,114.333417,10.000000,10.000000
76.692252,113.510285,10.000000,10.000000
76.492023,112.686215,10.000000,10.000000
76.050203,113.208365,10.000000,10.000000
75.987515,114.607946,10.000000,10.000000
75.890449,114.549982,10.000000,10.000000
76.971657,115.365468,10.000000,10.000000
76.801161,117.027068,10.000000,10.000000
75.844953,116.985563,10.000000,10.000000
75.191428,116.861756,10.000000,10.000000
74.625766,117.327247,10.000000,10.000000
74.550392,118.044626,10.000000,10.000000
72.959567,117.497446,10.000000,10.000000
73.221199,117.906241,10.000000,10.000000
74.506742,117.752673,10.000000,10.000000
73.325327,117.575363,10.000000,10.000000
74.502597,116.797909,10.000000,10.000000
75.235978,115.146016,10.000000,10.000000
75.888242,114.707917,10.000000,10.000000
76.022845,113.678288,10.000000,10.000000
75.810146,112.981197,10.000000,10.000000
78.295218,111.421329,10.000000,10.000000
81.309389,111.806442,10.000000,10.000000
83.338238,111.237150,10.000000,10.000000
82.944584,110.935460,10.000000,10.000000
82.596692,109.834158,10.000000,10.000000
83.213895,109.386284,10.000000,10.000000
85.431678,109.706556,10.000000,10.000000
84.961784,108.910362,10.000000,10.000000
83.891445,109.407425,10.000000,10.000000
84.997117,109.381752,10.000000,10.000000
84.797722,109.213486,10.000000,10.000000
86.938365,108.562990,10.000000,10.000000
86.246213,108.226628,10.000000,10.000000
84.038313,109.007835,10.000000,10.000000
81.164828,109.199329,10.000000,10.000000
79.377221,109.950299,10.000000,10.000000
77.454264,109.841544,10.000000,10.000000
75.133776,110.046615,10.000000,10.000000
73.020779,110.568817,10.000000,10.000000
70.379448,109.737335,10.000000,10.000000
67.430224,109.364861,10.000000,10.000000
64.761191,109.958354,10.000000,10.000000
61.707246,109.608834,10.000000,10.000000
59.425087,109.364935,10.000000,10.000000
57.994219,110.734237,10.000000,10.000000
54.420111,110.647728,10.000000,10.000000
52.604020,111.084612,10.000000,10.000000
49.842284,111.722062,10.000000,10.000000
48.229315,111.997328,10.000000,10.000000
46.563628,112.806060,10.000000,10.000000
43.823943,112.823939,10.000000,10.000000
42.404313,113.699774,10.000000,10.000000
40.897026,113.638666,10.000000,10.000000
38.135710,114.191197,10.000000,10.000000
36.799557,115.298776,10.000000,10.000000
34.511734,116.068972,10.000000,10.000000
32.499155,116.364737,10.000000,10.000000
31.570026,117.289980,10.000000,10.000000
28.626359,117.902217,10.000000,10.000000
26.590386,118.018933,10.000000,10.000000
25.482459,118.806249,10.000000,10.000000
