303.600000,101.200000,15.600000,5.600000
304.514583,99.853427,14.745172,10.000000
305.365507,99.873212,13.771447,10.000000
304.697462,100.067846,14.718998,10.000000
304.520341,98.862594,15.286112,10.000000
305.249223,98.425571,13.481966,10.000000
304.954559,98.356222,15.189733,10.000000
304.392918,98.026782,14.212349,10.000000
305.334900,97.108065,13.809377,10.000000
305.355958,96.618501,12.933016,10.000000
304.282612,96.871347,15.277470,10.000000
305.204177,96.534618,13.532252,10.000000
305.676692,97.134629,15.323417,10.000000
306.656484,98.005639,13.534105,10.000000
306.457241,96.611105,13.588819,10.000000
306.332963,97.525783,14.095923,10.000000
306.844393,97.220585,13.576458,10.000000
306.590234,96.817446,13.092524,10.000000
306.337811,97.420208,14.268825,10.000000
306.958787,97.461050,13.902331,10.000000
305.732870,97.079975,14.533775,10.000000
306.192035,96.219927,14.288855,10.000000
306.622151,96.387741,13.062122,10.000000
305.540241,97.206264,14.571702,10.000000
305.893199,96.442782,13.871302,10.000000
305.331122,96.735229,13.703364,10.000000
303.893564,95.823737,13.841035,10.000000
302.554924,94.654308,13.095688,10.000000
303.079082,94.336714,13.612547,10.000000
303.417589,96.505274,14.166319,10.000000
301.752943,94.152870,13.625126,10.000000
300.685051,92.289692,14.694230,10.000000
300.133424,92.464875,14.241401,10.000000
300.424168,92.260662,13.638874,10.000000
300.409645,91.451663,12.656574,10.000000
300.350828,93.119460,13.937044,10.000000
301.019779,93.139633,13.986737,10.000000
300.834201,93.091195,14.107813,10.000000
301.112052,93.601064,14.091913,10.000000
301.762568,92.525549,14.084949,10.000000
301.122229,91.922882,13.142605,10.000000
300.998007,92.330025,13.831696,10.000000
300.749233,91.453659,14.175909,10.000000
300.419988,90.844921,13.049701,10.000000
299.556102,89.629004,14.202197,10.000000
298.403294,89.406230,13.401463,10.000000
298.167396,89.143211,12.768820,10.000000
298.369740,89.604681,12.088482,10.000000
299.389832,89.269380,13.698936,10.000000
299.233090,89.360289,11.827248,10.000000
299.820133,89.829637,11.840604,10.000000
299.360568,89.202406,12.077551,10.000000
300.031104,88.176774,12.889980,10.000000
300.403709,87.831354,12.984232,10.000000
299.643485,86.623448,12.957811,10.000000
300.004831,86.319639,13.226380,10.000000
300.020051,85.804253,13.650447,10.000000
299.938286,85.152539,13.618008,10.000000
300.134840,84.378882,13.374001,10.000000
300.163277,84.938275,13.261960,10.000000
299.331305,84.617454,13.257548,10.000000
299.497340,84.425838,13.345592,10.000000
299.093625,83.404795,11.980392,10.000000
298.237502,82.826016,12.906767,10.000000
297.513103,82.451237,12.610857,10.000000
296.683086,83.849201,12.367151,10.000000
295.969478,84.594011,13.416942,10.000000
295.706120,85.559537,13.174563,10.000000
294.893130,83.373601,11.774570,10.000000
293.835460,82.198932,11.430320,10.000000
294.376983,80.335524,11.600043,10.000000
293.835311,79.407731,11.792353,10.000000
293.439022,76.886658,12.647916,10.000000
293.490994,75.653047,12.074532,10.000000
292.435944,74.224594,12.733967,10.000000
292.892102,75.090174,11.969902,10.000000
293.313284,75.815576,11.668453,10.000000
292.840254,75.412341,11.927067,10.000000
292.550750,76.532358,12.003210,10.000000
292.180293,75.359935,11.756813,10.000000
292.399895,75.797733,12.317960,10.000000
292.893804,75.813014,11.908029,10.000000
292.298660,74.509058,12.502927,10.000000
292.231942,73.406348,12.548920,10.000000
292.473121,73.342348,11.891390,10.000000
292.316536,74.597718,12.223515,10.000000
291.608097,73.752782,11.471575,10.000000
290.565983,73.515560,12.432835,10.000000
291.338871,72.877386,11.510387,10.000000
289.678108,72.553745,12.728460,10.000000
290.171465,72.143241,11.364549,10.000000
290.319731,72.245955,11.532109,10.000000
288.793465,71.824745,11.498773,10.000000
289.723987,71.926922,10.720193,10.000000
289.153379,72.095539,11.919477,10.000000
288.333194,72.484894,13.153243,10.000000
288.095958,73.358335,12.466932,10.000000
288.410284,73.358104,11.976903,10.000000
288.553350,73.795184,12.672421,10.000000
288.283887,73.139167,11.280859,10.000000
288.894122,73.749684,11.632918,10.000000
287.756966,73.259310,12.004704,10.000000
287.607040,74.209898,12.114919,10.000000
287.990555,73.407571,11.172811,10.000000
287.440273,72.849845,11.909150,10.000000
287.765741,72.398289,11.531973,10.000000
287.227711,72.320969,11.612969,10.000000
287.427641,73.030714,11.274845,10.000000
286.541862,71.552129,11.776567,10.000000
287.146266,72.311983,11.847296,10.000000
286.927814,72.872874,11.928693,10.000000
286.472026,72.292800,11.491236,10.000000
285.953118,72.184549,11.561996,10.000000
285.697546,71.878847,10.940056,10.000000
285.530071,71.331675,11.517256,10.000000
285.203636,71.475576,11.329183,10.000000
284.105787,71.595824,11.706449,10.000000
283.830913,70.349172,11.703107,10.000000
283.624029,70.471472,11.318685,10.000000
283.375327,68.926888,10.929771,10.000000
283.102694,68.402891,11.493304,10.000000
283.537396,68.227532,11.559692,10.000000
283.024245,68.887575,11.556595,10.000000
281.419494,69.168938,11.124220,10.000000
282.070183,69.273626,10.711041,10.000000
280.400218,72.183520,11.037432,10.000000
280.033771,73.521843,10.718855,10.000000
280.147127,73.259758,10.267434,10.000000
279.521546,74.271509,11.258643,10.000000
279.160580,74.248696,11.171768,10.000000
279.934812,73.422539,10.475480,10.000000
279.148048,73.934455,10.688475,10.000000
280.089632,74.775033,10.178734,10.000000
279.099289,75.398320,10.765659,10.000000
279.815630,75.592084,11.094387,10.000000
279.046755,76.544512,11.640308,10.000000
279.194158,78.432981,10.563338,10.000000
279.191971,78.604448,11.259191,10.000000
279.564911,77.560539,10.331200,10.000000
279.042968,77.556820,11.270876,10.000000
278.716782,77.164426,10.979604,10.000000
279.020247,77.355891,10.870094,10.000000
278.861136,77.912187,11.142550,10.000000
278.903185,77.987597,10.160863,10.000000
279.281898,80.006991,10.665026,10.000000
278.273853,80.518031,10.644456,10.000000
278.289753,79.592774,10.212513,10.000000
278.252706,80.332609,10.960909,10.000000
278.134506,80.863649,10.842481,10.000000
278.051795,80.096437,10.402124,10.000000
277.791066,79.305807,10.465007,10.000000
277.397026,79.195509,10.324898,10.000000
278.063878,79.407167,10.000000,10.000000
277.361140,79.756987,10.889340,10.000000
277.647806,79.600037,10.000000,10.000000
277.461570,80.546057,10.019825,10.000000
277.309453,80.466302,10.588291,10.000000
276.673086,80.796853,10.904822,10.000000
277.299628,81.048635,10.239630,10.000000
276.624059,80.610801,10.587765,10.000000
276.510900,80.555164,10.249996,10.000000
275.319352,82.667108,11.223683,10.000000
276.556482,82.460610,10.000000,10.000000
275.598792,83.323603,10.653276,10.000000
276.029590,83.857983,10.642004,10.000000
275.997282,82.779114,10.824585,10.000000
276.737511,83.154153,10.169220,10.000000
277.054370,83.306933,10.000000,10.000000
276.688835,83.935199,10.519843,10.000000
276.812198,83.314553,10.644052,10.000000
277.484155,83.751815,10.583862,10.000000
276.919385,83.278589,11.168691,10.000000
277.932895,82.419848,10.157711,10.000000
277.903683,83.374541,10.551741,10.000000
278.296111,83.743829,10.554808,10.000000
277.516149,82.016795,10.358337,10.000000
277.894196,82.576420,10.000000,10.000000
276.948640,82.401994,10.000000,10.000000
276.130570,83.959848,10.041183,10.000000
275.758669,83.907664,10.000000,10.000000
274.835049,83.209773,10.016857,10.000000
275.051510,83.280080,10.000000,10.000000
274.893974,84.482318,10.000000,10.000000
274.021353,84.218696,10.357044,10.000000
274.071009,83.575956,10.000000,10.000000
274.439673,84.247279,10.050138,10.000000
274.627581,84.228803,10.000000,10.000000
274.162764,84.373970,10.000000,10.000000
274.753569,83.809381,10.000000,10.000000
274.458751,82.741260,10.000000,10.000000
274.534562,82.241990,10.318122,10.000000
275.233762,83.089278,10.052073,10.000000
274.997173,82.461231,10.000000,10.000000
275.179496,82.713668,10.000000,10.000000
275.589788,82.879519,10.000000,10.000000
275.170465,83.642861,10.000000,10.000000
276.005706,84.811464,10.000000,10.000000
275.824438,85.752270,10.000000,10.000000
275.537760,85.264280,10.000000,10.000000
275.237916,86.342927,10.000000,10.000000
275.901807,86.590490,10.000000,10.000000
275.569668,85.906352,10.000000,10.000000
275.279383,86.626467,10.000000,10.000000
275.916474,86.978160,10.000000,10.000000
275.679445,87.407077,10.000000,10.000000
275.191615,87.961302,10.000000,10.000000
275.576353,87.383054,10.000000,10.000000
274.433076,87.664010,10.000000,10.000000
275.393547,87.062697,10.000000,10.000000
275.260613,87.119018,10.000000,10.000000
275.186438,87.168378,10.000000,10.000000
275.071734,87.705395,10.000000,10.000000
274.941020,87.238961,10.000000,10.000000
275.239044,87.210542,10.000000,10.000000
275.532469,87.154238,10.000000,10.000000
274.800427,86.995843,10.000000,10.000000
275.138020,86.341246,10.000000,10.000000
275.000382,85.924108,10.229172,10.000000
274.979818,85.675469,10.000000,10.000000
275.379307,85.278278,10.000000,10.000000
276.057577,85.581649,10.000000,10.000000
275.871711,85.020280,10.000000,10.000000
276.079723,84.928693,10.000000,10.000000
276.329276,84.850056,10.000000,10.000000
276.635125,84.624745,10.000000,10.000000
276.247837,84.536808,10.000000,10.000000
278.149412,84.201820,10.000000,10.000000
279.106688,84.505148,10.000000,10.000000
278.902635,83.605958,10.000000,10.000000
278.907113,82.933749,10.000000,10.000000
278.918417,82.746269,10.000000,10.000000
280.087907,82.945782,10.000000,10.000000
279.904622,83.166485,10.000000,10.000000
279.421265,83.791649,10.000000,10.000000
279.895189,83.708027,10.000000,10.000000
279.317358,84.331629,10.000000,10.000000
279.593578,85.341495,10.000000,10.000000
278.638663,85.830868,10.000000,10.000000
278.156751,85.255224,10.000000,10.000000
278.286669,85.512327,10.000000,10.000000
278.135987,84.987386,10.000000,10.000000
277.682332,85.578379,10.000000,10.000000
276.831053,84.952034,10.000000,10.000000
276.187236,85.407197,10.000000,10.000000
274.617200,86.444975,10.000000,10.000000
273.153560,85.932434,10.000000,10.000000
273.025152,85.309022,10.000000,10.000000
272.880678,85.534976,10.000000,10.000000
272.173482,84.216428,10.000000,10.000000
272.115451,85.761529,10.000000,10.000000
272.459787,86.498632,10.000000,10.000000
272.668664,87.546368,10.000000,10.000000
271.659916,86.819546,10.000000,10.000000
271.723533,87.180235,10.000000,10.000000
271.755920,87.946831,10.000000,10.000000
271.704822,87.391966,10.000000,10.000000
271.419823,87.669238,10.000000,10.000000
272.181772,87.505853,10.000000,10.000000
272.180929,87.661064,10.000000,10.000000
272.051623,88.027612,10.000000,10.000000
271.775646,88.374942,10.000000,10.000000
271.412673,88.189974,10.000000,10.000000
272.240239,88.348955,10.000000,10.000000
272.140372,88.707484,10.000000,10.000000
272.196350,88.124864,10.000000,10.000000
271.909976,87.692436,10.000000,10.000000
271.870394,87.128695,10.000000,10.000000
271.872433,87.435460,10.000000,10.000000
271.501345,87.033602,10.000000,10.000000
271.211729,86.187452,10.000000,10.000000
272.165288,86.683362,10.000000,10.000000
271.784290,86.097393,10.000000,10.000000
271.665236,86.806028,10.000000,10.000000
271.324246,86.715542,10.000000,10.000000
272.405373,87.051771,10.000000,10.000000
272.217999,87.684232,10.000000,10.000000
271.732622,87.070430,10.000000,10.000000
271.323120,87.382710,10.000000,10.000000
272.039184,87.544420,10.000000,10.000000
271.415894,85.548822,10.000000,10.000000
271.523082,84.811469,10.000000,10.000000
270.960730,85.194064,10.000000,10.000000
270.851913,84.616171,10.000000,10.000000
271.111460,84.021816,10.000000,10.000000
271.574537,84.292124,10.000000,10.000000
271.248181,84.635468,10.000000,10.000000
271.221568,84.242427,10.000000,10.000000
271.064768,84.879479,10.000000,10.000000
270.624131,84.514514,10.000000,10.000000
269.892517,83.870332,10.000000,10.000000
270.398047,84.916009,10.000000,10.000000
270.513660,84.346665,10.000000,10.000000
270.062266,84.727939,10.000000,10.000000
271.131854,84.945698,10.000000,10.000000
270.842996,85.497811,10.000000,10.000000
270.400615,86.014752,10.000000,10.000000
271.495565,86.336674,10.000000,10.000000
271.248251,87.786380,10.000000,10.000000
271.355066,88.047262,10.000000,10.000000
271.282613,89.149030,10.000000,10.000000
