310.600000,107.600000,18.200000,4.400000
309.925698,107.641672,17.998596,10.000000
310.380844,107.694334,17.485945,10.000000
310.419696,108.374821,17.278507,10.000000
310.240707,108.313219,17.035755,10.000000
311.304375,108.138226,16.285730,10.000000
310.713866,108.342548,16.765362,10.000000
309.418208,109.020052,17.173798,10.000000
308.147764,107.673529,17.820601,10.000000
308.407637,108.108987,17.143217,10.000000
308.418930,108.410899,16.922346,10.000000
308.127554,108.769976,16.671232,10.000000
307.925292,108.069951,17.155502,10.000000
307.289911,108.369574,16.942316,10.000000
306.920586,109.358912,17.292021,10.000000
306.476857,107.949854,17.136150,10.000000
306.462336,108.457407,17.035257,10.000000
306.642727,108.766523,17.003080,10.000000
305.597092,107.703047,16.246214,10.000000
305.472576,107.865669,16.359045,10.000000
304.943753,107.637439,16.165501,10.000000
304.245650,106.633296,16.825136,10.000000
303.750870,106.784250,17.194429,10.000000
304.187524,107.614649,17.539223,10.000000
304.923304,107.911901,17.197687,10.000000
303.718634,108.013577,17.145506,10.000000
302.887742,106.260772,17.399509,10.000000
301.340656,107.325875,17.342649,10.000000
302.508762,105.772335,17.284573,10.000000
301.983544,106.347302,17.155725,10.000000
301.523311,106.161710,17.129646,10.000000
300.303097,106.076761,17.160715,10.000000
301.092267,106.121171,17.372902,10.000000
300.882247,106.490954,17.124477,10.000000
299.752959,106.597030,17.245018,10.000000
298.490606,106.840113,17.458168,10.000000
297.585286,107.346528,17.143475,10.000000
297.098833,106.630187,17.026602,10.000000
296.214810,106.946892,16.895151,10.000000
294.307578,107.330681,17.069077,10.000000
294.009733,107.518846,17.444349,10.000000
292.697221,107.823016,17.257118,10.000000
291.003370,108.075712,17.280350,10.000000
290.224366,107.448261,17.058735,10.000000
288.946117,107.850570,17.255058,10.000000
288.806011,108.211603,16.949556,10.000000
287.356807,107.441434,17.153133,10.000000
287.511172,107.542684,17.426630,10.000000
286.296122,107.893902,17.190451,10.000000
284.016570,108.301651,17.537697,10.000000
276.951743,108.025078,16.756275,10.000000
270.759473,108.426514,17.004223,10.000000
269.939106,108.428142,16.936689,10.000000
269.610266,108.306860,17.056005,10.000000
268.865784,108.288900,17.140387,10.000000
268.837229,108.505852,17.012209,10.000000
267.888470,109.041126,16.881971,10.000000
267.859118,109.597907,17.049715,10.000000
267.115326,109.859206,16.967276,10.000000
266.098371,110.198606,17.003319,10.000000
265.434772,109.161715,17.451050,10.000000
265.114511,108.844246,16.863270,10.000000
264.819966,109.236672,16.945936,10.000000
264.566645,109.213464,17.103830,10.000000
264.333119,109.171209,16.858149,10.000000
264.071730,109.613875,16.945307,10.000000
264.383308,109.413392,16.918781,10.000000
264.788403,109.006666,17.085443,10.000000
264.680273,108.629644,17.066599,10.000000
264.922779,109.068023,17.129721,10.000000
265.377174,108.491218,16.788921,10.000000
265.307124,109.349295,17.127541,10.000000
265.723297,108.755267,17.055910,10.000000
265.591207,109.255390,16.962368,10.000000
265.264091,108.879338,16.897606,10.000000
263.248588,110.526535,16.778877,10.000000
267.090533,108.065012,16.907410,10.000000
267.398180,108.204175,17.101690,10.000000
266.879285,108.678611,16.785549,10.000000
266.801531,108.554896,16.560720,10.000000
266.677173,108.747865,16.932369,10.000000
266.086574,109.075401,17.005817,10.000000
266.445294,108.268879,17.240351,10.000000
265.219835,109.062504,17.452873,10.000000
265.509640,108.933315,17.162424,10.000000
264.088570,109.259943,17.289034,10.000000
264.548184,109.311007,17.215250,10.000000
263.518572,109.837673,17.242743,10.000000
263.442584,109.965460,17.208191,10.000000
262.871144,109.749798,16.653969,10.000000
262.971655,108.522038,17.057516,10.000000
262.720660,109.301408,17.528103,10.000000
262.625861,109.432467,17.076488,10.000000
262.051081,109.384335,17.231600,10.000000
262.228559,109.554049,17.104729,10.000000
262.388778,109.974842,16.881344,10.000000
261.689810,110.022316,16.921427,10.000000
260.970218,108.465930,17.321697,10.000000
261.077723,108.945267,16.860434,10.000000
260.011490,109.503851,17.098516,10.000000
248.526189,108.736391,17.002752,10.000000
247.228492,109.318514,17.557043,10.000000
247.409072,110.092204,17.076738,10.000000
247.187389,109.382708,17.225565,10.000000
247.244011,109.434706,16.941929,10.000000
246.439108,109.678631,17.059036,10.000000
245.766201,110.184375,16.882885,10.000000
245.680624,109.856460,17.052624,10.000000
244.538646,110.303040,16.774874,10.000000
244.176458,109.297184,17.051245,10.000000
243.520603,109.547585,16.742172,10.000000
243.082010,109.651777,16.577339,10.000000
243.862568,107.768045,17.320808,10.000000
242.232578,109.473828,17.296103,10.000000
243.411337,109.347887,17.385689,10.000000
242.370342,106.332015,16.689045,10.000000
239.476196,108.482937,16.881346,10.000000
242.258241,107.500971,16.920305,10.000000
242.263033,108.673127,17.216820,10.000000
242.736856,106.647824,16.999052,10.000000
241.757815,106.939304,16.901287,10.000000
241.978605,107.979948,17.183575,10.000000
242.646997,108.543734,17.477377,10.000000
242.742850,108.869627,16.970024,10.000000
241.035252,109.783181,16.940758,10.000000
241.564434,110.002905,17.097565,10.000000
241.113859,111.067451,16.932781,10.000000
239.922393,111.067504,16.743013,10.000000
239.751960,109.899488,17.099012,10.000000
237.560270,111.271239,16.845556,10.000000
239.078593,108.894425,17.327551,10.000000
239.008412,109.115448,17.004974,10.000000
237.426180,109.277017,17.215939,10.000000
235.769241,109.221993,17.373682,10.000000
238.566142,108.379797,17.295351,10.000000
237.166521,111.464993,17.057308,10.000000
236.929568,111.722467,17.160698,10.000000
237.490311,110.692729,17.462646,10.000000
237.320708,111.526574,17.329554,10.000000
237.105419,112.558785,17.464180,10.000000
236.904288,110.558233,17.320162,10.000000
236.181658,110.025194,17.022961,10.000000
235.646408,110.308746,17.042946,10.000000
233.944164,110.409000,17.151011,10.000000
233.999157,109.713072,17.043785,10.000000
233.768425,110.298768,16.984921,10.000000
233.302653,110.840167,16.864017,10.000000
232.844876,110.936378,16.768732,10.000000
233.044960,111.040321,17.041264,10.000000
232.899267,110.630184,17.140526,10.000000
232.759807,110.600486,17.043497,10.000000
232.254929,110.641616,17.147285,10.000000
232.429990,111.014336,17.216192,10.000000
231.767869,110.453125,16.848577,10.000000
231.647612,111.233814,17.284843,10.000000
231.251288,110.997601,16.670238,10.000000
230.482685,111.019121,16.787590,10.000000
230.351542,110.731813,16.711720,10.000000
229.918337,110.495280,16.376675,10.000000
229.447959,111.250190,17.297762,10.000000
228.782818,110.790840,16.593399,10.000000
228.817337,110.837459,16.669590,10.000000
228.652320,110.922153,16.578936,10.000000
228.128885,111.026452,16.605995,10.000000
228.303758,111.111874,16.837267,10.000000
227.532770,111.164892,16.568619,10.000000
227.178382,111.167416,16.843439,10.000000
226.833338,111.171412,16.618073,10.000000
226.937065,111.120874,16.941021,10.000000
226.466282,110.688360,16.655743,10.000000
226.037770,110.817183,16.691448,10.000000
226.006449,111.067610,16.933716,10.000000
225.527231,110.856082,16.703724,10.000000
225.108281,110.987943,16.701994,10.000000
225.103498,111.254767,16.692678,10.000000
224.978689,111.541337,16.749866,10.000000
223.830672,110.851462,16.905617,10.000000
223.651777,111.126826,17.245687,10.000000
223.370398,110.971086,16.802376,10.000000
223.531894,111.250403,17.392172,10.000000
223.127594,111.341142,16.984047,10.000000
222.539745,110.518359,17.052996,10.000000
221.196697,111.500199,17.225025,10.000000
223.900891,111.595893,17.029772,10.000000
221.303684,111.060387,16.922531,10.000000
221.348999,108.491146,17.105316,10.000000
221.836654,109.873607,17.163893,10.000000
221.737579,112.273379,16.734568,10.000000
219.336327,110.716751,17.206390,10.000000
219.452352,111.045342,17.271929,10.000000
218.975343,113.236227,17.026869,10.000000
219.202719,114.045977,16.948708,10.000000
219.173365,112.015347,17.290100,10.000000
219.505008,112.309481,17.113138,10.000000
217.626627,112.487579,17.079494,10.000000
217.248759,112.355659,16.763985,10.000000
217.256788,112.963858,16.917065,10.000000
216.789830,112.975163,16.829000,10.000000
215.886677,112.164974,16.885986,10.000000
216.525892,113.200481,16.599590,10.000000
210.175997,113.462535,15.988987,10.000000
209.902126,112.636064,16.709223,10.000000
209.842130,112.633394,16.642046,10.000000
209.919472,111.968360,16.263824,10.000000
209.483346,112.146881,15.353251,10.000000
208.946361,112.267470,15.791467,10.000000
208.838674,112.312864,15.425303,10.000000
208.005119,113.177065,16.814775,10.000000
208.447932,113.195686,16.699907,10.000000
207.664594,113.111115,16.468664,10.000000
207.297290,111.845136,17.117743,10.000000
207.587666,112.770785,17.066410,10.000000
207.046950,112.557764,16.983143,10.000000
207.075460,111.183768,17.127134,10.000000
206.862210,111.297329,17.045532,10.000000
206.250337,111.364439,16.985247,10.000000
206.450980,110.915770,16.770868,10.000000
205.014804,111.193799,17.268202,10.000000
205.725229,110.858751,17.386040,10.000000
205.826284,111.725206,17.019468,10.000000
204.950244,111.943647,17.137197,10.000000
204.837622,111.558096,17.229149,10.000000
204.574095,111.832770,16.945423,10.000000
202.928909,112.411139,17.550859,10.000000
203.608715,111.875866,17.566303,10.000000
203.639898,111.686760,16.760332,10.000000
203.374207,111.460890,16.622208,10.000000
202.815300,112.303742,16.808826,10.000000
202.918660,112.039022,16.905855,10.000000
201.919402,111.329433,17.373049,10.000000
202.156010,111.693158,17.003963,10.000000
201.972639,112.000973,16.911285,10.000000
201.418272,111.361633,16.599815,10.000000
200.775726,111.989308,17.062746,10.000000
200.600430,111.875592,16.521374,10.000000
200.132273,110.951281,16.363125,10.000000
200.366612,111.366744,16.429798,10.000000
199.419587,111.829618,16.782854,10.000000
199.251842,111.372688,16.751410,10.000000
198.397162,112.106912,16.776134,10.000000
198.415081,112.066791,16.202030,10.000000
198.232760,111.181371,16.967628,10.000000
198.253518,111.476864,16.874327,10.000000
197.327568,112.066794,17.054951,10.000000
197.553639,110.909213,17.265717,10.000000
196.608134,111.922413,17.210617,10.000000
196.389861,112.249490,16.792860,10.000000
196.206880,112.148540,16.805780,10.000000
195.851319,112.344981,15.729819,10.000000
196.020978,112.087439,15.421339,10.000000
195.489148,112.132705,14.608934,10.000000
195.440297,111.529557,15.039385,10.000000
195.149072,111.384288,15.430425,10.000000
194.654130,112.060396,15.445384,10.000000
194.889741,111.851038,15.968931,10.000000
194.518884,112.226642,15.895913,10.000000
193.856220,111.222711,16.478699,10.000000
193.772912,111.869216,16.418573,10.000000
193.057350,111.677150,16.472031,10.000000
192.901549,111.314979,16.705566,10.000000
192.987432,111.741025,16.679625,10.000000
192.756990,112.164282,16.580763,10.000000
192.055373,112.619395,16.815912,10.000000
191.939526,112.133542,17.037727,10.000000
191.437570,112.296744,16.821329,10.000000
190.703585,112.791452,17.144741,10.000000
190.788064,112.508459,16.555769,10.000000
189.877304,111.757984,16.555882,10.000000
190.104562,111.497513,16.692091,10.000000
190.105509,112.176046,16.727196,10.000000
189.735570,112.696595,16.627337,10.000000
189.013047,112.164442,16.808054,10.000000
188.896990,112.574855,16.357662,10.000000
188.282798,112.356313,16.719198,10.000000
187.989382,112.902996,16.486752,10.000000
187.861817,112.509020,16.724209,10.000000
187.741267,112.055857,16.701715,10.000000
187.384038,112.516807,16.350401,10.000000
186.339437,111.840708,16.472727,10.000000
186.366219,112.295022,16.529808,10.000000
186.156438,112.741697,16.577696,10.000000
186.300141,112.067071,16.487095,10.000000
185.411491,112.397505,16.426210,10.000000
185.090549,112.522962,16.259539,10.000000
185.276417,111.412935,16.525143,10.000000
184.554468,112.273186,16.322681,10.000000
184.379667,112.551022,16.208254,10.000000
184.106709,111.952954,16.711399,10.000000
184.686665,111.896994,16.226021,10.000000
184.345638,112.359531,16.320312,10.000000
183.318340,112.150221,16.265299,10.000000
183.817330,111.761243,16.290749,10.000000
183.308762,111.809652,16.156254,10.000000
182.827996,112.677893,16.442270,10.000000
182.364934,111.867236,16.304193,10.000000
181.914021,111.532551,16.239330,10.000000
181.542684,111.776043,16.303469,10.000000
181.655467,111.399537,16.191977,10.000000
182.155523,111.577507,16.302378,10.000000
181.791383,111.402138,16.286638,10.000000
169.883272,111.915302,16.458593,10.000000
169.782101,111.900906,16.011606,10.000000
169.602274,112.312927,16.042097,10.000000
169.239112,112.254039,16.113255,10.000000
168.712811,111.924944,16.079203,10.000000
168.839234,112.486913,16.295263,10.000000
168.459271,112.608509,16.186193,10.000000
168.357030,112.058822,16.227406,10.000000
167.902548,111.414757,16.132254,10.000000
168.092675,111.888637,16.237247,10.000000
167.473902,112.275369,16.004362,10.000000
166.995723,111.577750,16.230988,10.000000
166.631026,111.870418,15.712444,10.000000
166.403971,112.163847,15.711274,10.000000
165.841732,111.987279,15.719039,10.000000
165.651988,112.772387,16.445713,10.000000
164.948233,112.233468,16.075174,10.000000
165.118121,112.410638,16.164768,10.000000
164.411413,112.720533,15.975291,10.000000
164.190510,112.793562,16.112322,10.000000
163.779724,112.652178,16.182894,10.000000
164.410310,112.815659,16.320976,10.000000
163.286650,112.412304,16.236807,10.000000
163.553601,111.709312,16.269577,10.000000
162.949347,111.977967,15.947690,10.000000
163.259710,112.728258,16.362236,10.000000
162.737581,112.415106,16.559130,10.000000
162.476281,112.714960,16.071510,10.000000
162.147152,112.898417,16.361017,10.000000
162.612859,111.854678,16.529312,10.000000
161.951212,111.276746,16.209658,10.000000
161.029927,111.859483,16.046310,10.000000
160.765574,112.388920,15.983460,10.000000
160.799753,111.336330,16.534834,10.000000
160.190385,111.908100,16.321533,10.000000
159.934199,111.562373,16.315943,10.000000
159.540295,111.725026,16.186502,10.000000
159.354550,112.265710,16.342974,10.000000
158.673217,111.884384,16.090763,10.000000
158.546785,112.257156,16.026852,10.000000
158.355374,111.966586,16.220999,10.000000
158.350691,112.261970,15.353992,10.000000
157.763494,111.778246,15.607383,10.000000
156.840241,111.214378,15.824204,10.000000
157.448519,110.922605,15.741312,10.000000
157.035795,111.599560,15.473703,10.000000
156.385811,110.519401,16.127481,10.000000
156.233727,111.080107,15.312712,10.000000
155.942123,111.175149,15.161880,10.000000
155.476334,111.230538,15.221601,10.000000
155.559578,111.270959,15.767954,10.000000
155.329091,110.839962,15.580228,10.000000
155.160411,110.937663,15.719284,10.000000
154.436333,111.476145,15.830934,10.000000
154.358931,110.717487,15.837511,10.000000
154.108476,111.093339,16.067741,10.000000
153.481411,110.566179,15.987750,10.000000
153.664833,110.929681,16.237513,10.000000
153.835400,111.486903,16.299170,10.000000
153.448865,111.586507,16.086124,10.000000
153.403620,110.884979,16.154612,10.000000
153.234853,111.079054,16.053627,10.000000
152.207394,110.819487,16.022039,10.000000
151.823719,111.656886,16.311285,10.000000
151.962518,110.909946,16.058937,10.000000
151.921823,111.898343,16.302727,10.000000
151.418350,111.435014,15.752452,10.000000
150.739670,111.676978,16.049932,10.000000
150.551453,111.989757,16.184473,10.000000
150.385439,112.173583,15.923236,10.000000
149.324555,111.682285,16.127523,10.000000
149.065378,112.437391,16.117090,10.000000
148.826129,112.080652,16.076801,10.000000
149.210884,111.600506,16.030188,10.000000
148.128174,112.045481,16.172083,10.000000
147.837678,111.536124,15.990986,10.000000
148.289560,111.932832,16.074123,10.000000
147.959657,112.321889,15.735881,10.000000
147.868428,111.829950,15.857639,10.000000
147.521330,112.486707,15.861674,10.000000
146.560585,112.087642,16.507166,10.000000
146.309976,111.890095,16.047882,10.000000
145.936648,112.533146,16.318563,10.000000
145.651373,111.727161,16.409342,10.000000
145.192455,111.904210,16.077538,10.000000
144.843406,112.329099,16.120480,10.000000
144.862236,111.534741,16.592150,10.000000
144.535093,111.305430,15.997755,10.000000
144.268420,111.756871,15.846745,10.000000
143.819380,112.037757,15.524730,10.000000
143.046547,111.707607,15.842761,10.000000
143.725176,111.958929,14.689380,10.000000
142.867343,112.382888,15.706554,10.000000
142.685044,111.519188,15.125824,10.000000
142.510822,111.060779,13.972569,10.000000
142.648447,111.523261,14.432708,10.000000
142.327090,111.321958,15.130879,10.000000
142.000791,111.685406,15.484317,10.000000
140.966494,111.001353,15.843740,10.000000
141.318101,110.651981,16.014946,10.000000
