80.400000,98.600000,31.400000,5.600000
80.477457,99.185381,32.540394,10.000000
81.556017,98.599894,31.751774,10.000000
82.086017,98.552993,32.097885,10.000000
82.417382,98.921180,31.520903,10.000000
82.598199,99.292690,31.752859,10.000000
83.592395,99.992586,31.933731,10.000000
82.998873,100.225164,31.545443,10.000000
83.448831,99.960550,32.044033,10.000000
84.138637,99.632557,32.076973,10.000000
84.311483,99.291830,32.264500,10.000000
84.845924,98.856477,32.274940,10.000000
85.086658,98.168597,31.795479,10.000000
84.712414,99.317799,31.025770,10.000000
84.884474,98.013121,31.314257,10.000000
85.761110,94.331721,31.891506,10.000000
85.565887,94.697226,31.862000,10.000000
86.524442,95.381970,32.048618,10.000000
86.783854,97.652396,31.383684,10.000000
87.853051,99.257869,31.390776,10.000000
88.011713,100.278629,32.356213,10.000000
89.049327,101.157353,31.328150,10.000000
89.408867,100.738037,31.561226,10.000000
90.001304,100.636038,32.161346,10.000000
90.382158,100.561732,31.652851,10.000000
90.185791,100.048338,32.641869,10.000000
90.127657,100.174849,32.662716,10.000000
91.474685,100.791680,31.700706,10.000000
91.915365,100.950649,31.907879,10.000000
91.838282,101.545055,31.905184,10.000000
92.177944,101.685442,31.671928,10.000000
92.655078,101.563371,31.898935,10.000000
92.033249,101.112234,32.614723,10.000000
93.180864,100.780834,32.002590,10.000000
94.080934,100.920940,32.063122,10.000000
94.601171,101.058951,31.541805,10.000000
94.694870,101.281933,32.144524,10.000000
94.576913,101.606506,31.983746,10.000000
94.988601,100.853032,31.591553,10.000000
95.360095,101.138635,31.856348,10.000000
96.405164,101.489636,31.937824,10.000000
97.280206,102.135706,31.949390,10.000000
97.469633,101.844209,31.965435,10.000000
97.809541,102.178225,31.596653,10.000000
97.368820,102.679501,31.380302,10.000000
97.659839,102.517707,32.037125,10.000000
98.118423,101.932577,31.939384,10.000000
99.219073,102.368270,31.734041,10.000000
99.621396,102.511006,31.591322,10.000000
99.947854,101.811946,31.770269,10.000000
99.878262,102.132337,31.453474,10.000000
100.480956,101.584756,31.603136,10.000000
101.332727,101.192512,32.034214,10.000000
101.861782,101.651925,31.314499,10.000000
101.784270,101.618323,31.656893,10.000000
101.723875,101.160286,31.724659,10.000000
102.494391,101.890200,31.539309,10.000000
103.298268,101.765715,31.976339,10.000000
103.710252,101.850408,31.746922,10.000000
103.453855,101.931912,31.819767,10.000000
104.623109,101.995117,31.918934,10.000000
104.085903,101.890743,32.110382,10.000000
105.252436,101.931514,31.945086,10.000000
105.522943,101.770815,32.198765,10.000000
105.386463,101.587298,31.791130,10.000000
106.591911,101.273198,31.830780,10.000000
106.348199,101.682571,31.564373,10.000000
106.904475,101.003706,31.677225,10.000000
107.150292,101.209335,31.578535,10.000000
108.101637,101.644058,31.846615,10.000000
108.434679,101.515558,32.031223,10.000000
109.242912,101.898086,31.476395,10.000000
109.829725,102.886937,31.384007,10.000000
109.838697,102.946993,31.259052,10.000000
109.548162,102.707864,31.660213,10.000000
110.868862,101.441732,31.034622,10.000000
110.736231,101.489813,31.344172,10.000000
111.089576,101.662004,31.745155,10.000000
111.403958,101.362554,31.811346,10.000000
112.325192,101.908741,31.535528,10.000000
112.355858,101.549327,31.519430,10.000000
112.745654,100.713703,31.313250,10.000000
113.125248,101.648730,31.127998,10.000000
113.864686,101.703998,31.482092,10.000000
114.249776,101.883782,31.578754,10.000000
114.363767,101.572900,31.755817,10.000000
114.755915,101.141037,31.559084,10.000000
114.677568,101.549165,31.318325,10.000000
115.078607,101.488252,31.795834,10.000000
116.023807,101.907762,31.749611,10.000000
116.252489,101.557225,31.930004,10.000000
116.838780,101.311057,31.926550,10.000000
117.151417,101.757955,31.327856,10.000000
116.918451,101.705313,32.555882,10.000000
117.677880,101.222990,31.261618,10.000000
117.913045,100.444698,31.485182,10.000000
117.585598,100.322822,33.071175,10.000000
118.212085,99.995487,32.272278,10.000000
119.287944,100.258844,32.296288,10.000000
119.339935,100.514823,32.610313,10.000000
128.192712,101.552320,31.638973,10.000000
128.167433,101.007343,31.941889,10.000000
129.157743,100.794286,31.823986,10.000000
129.531504,100.589712,31.977961,10.000000
129.428210,100.321848,31.762247,10.000000
130.688337,101.161322,31.562687,10.000000
131.009945,101.298121,31.515814,10.000000
130.906465,101.159049,31.331341,10.000000
131.305261,100.469031,31.719891,10.000000
132.068554,100.944300,31.895531,10.000000
132.226252,100.592408,31.898867,10.000000
132.910822,100.445151,31.480045,10.000000
133.552761,100.886975,31.285667,10.000000
133.463346,101.424504,31.083622,10.000000
133.520293,101.000674,31.206362,10.000000
133.901123,100.396988,31.284874,10.000000
134.568516,100.583632,31.832403,10.000000
135.385202,100.346635,31.815182,10.000000
136.051826,101.195988,31.245644,10.000000
136.019454,100.711870,31.341448,10.000000
136.805654,101.023985,31.364796,10.000000
136.489487,100.499163,31.678534,10.000000
137.587638,101.282280,31.640299,10.000000
137.216341,100.992066,32.633862,10.000000
137.700702,101.049922,32.038719,10.000000
137.526447,100.717251,32.083122,10.000000
137.830940,100.275895,32.007217,10.000000
139.291103,100.718945,31.852394,10.000000
139.649889,100.357851,32.109119,10.000000
140.001567,101.013158,31.418716,10.000000
140.493787,100.259766,31.587467,10.000000
141.368512,100.807649,31.682470,10.000000
141.246270,100.440631,31.942900,10.000000
142.033822,100.920972,31.247129,10.000000
142.318975,100.770415,31.677708,10.000000
142.278684,100.391967,31.771366,10.000000
143.112589,100.625714,31.368107,10.000000
143.230795,100.461821,32.115170,10.000000
143.767877,100.795939,31.435772,10.000000
144.041403,100.545096,31.657701,10.000000
144.211889,100.098206,31.764355,10.000000
144.850356,100.435727,31.780489,10.000000
145.162340,100.790765,31.407276,10.000000
145.805447,100.575354,31.959242,10.000000
145.841137,100.121255,31.662476,10.000000
146.238335,100.447673,31.670614,10.000000
147.013502,100.700832,32.049923,10.000000
147.404505,100.152507,31.832125,10.000000
147.817689,100.411060,31.980841,10.000000
148.117043,100.774788,31.595602,10.000000
148.259603,100.211123,32.111912,10.000000
149.274875,100.499248,32.045204,10.000000
149.690964,100.826923,31.728483,10.000000
148.360195,100.292170,32.679649,10.000000
150.048006,100.028642,32.367992,10.000000
150.625480,100.152436,31.894516,10.000000
150.631670,100.272308,31.840031,10.000000
150.910528,100.346227,31.970791,10.000000
151.297744,100.500746,32.437180,10.000000
151.795461,100.209630,32.209629,10.000000
152.436220,100.366560,31.667400,10.000000
153.350214,100.358173,31.813404,10.000000
153.845617,100.421472,31.586826,10.000000
153.591490,100.506437,31.298677,10.000000
154.094428,99.920938,31.534746,10.000000
154.558711,99.514710,31.944757,10.000000
154.755468,99.048308,31.709217,10.000000
155.422764,99.435673,31.310369,10.000000
155.593576,99.188290,31.564632,10.000000
156.875214,99.278303,31.402777,10.000000
156.827155,98.621962,31.642008,10.000000
156.924877,98.336589,31.884911,10.000000
157.736589,98.873247,31.600475,10.000000
157.649031,98.489490,31.945581,10.000000
158.414466,98.955739,31.303177,10.000000
158.763791,98.950646,31.458075,10.000000
159.530474,98.931377,31.375254,10.000000
159.589751,98.749055,31.149599,10.000000
159.724736,98.411122,31.112814,10.000000
160.179367,97.879689,31.202637,10.000000
161.306142,98.370786,31.358959,10.000000
161.585789,97.764940,31.582899,10.000000
161.904890,97.506417,31.846142,10.000000
161.763949,97.226550,31.792025,10.000000
162.506873,97.857917,31.289972,10.000000
162.783490,97.878430,30.866331,10.000000
162.950535,97.628695,31.037954,10.000000
163.616075,97.219123,30.975529,10.000000
163.493649,97.048577,31.061064,10.000000
163.973760,97.075354,31.088566,10.000000
164.950727,97.194798,31.425938,10.000000
165.752512,97.521893,31.427494,10.000000
165.982287,98.027034,31.054163,10.000000
166.185295,97.504906,31.283447,10.000000
167.197116,98.025525,31.286379,10.000000
167.448819,97.542860,31.134153,10.000000
167.240311,98.409404,30.565252,10.000000
167.635924,99.006311,31.236834,10.000000
167.898204,98.267977,31.476387,10.000000
168.823970,98.568908,31.526672,10.000000
172.461523,98.275029,31.734417,10.000000
173.746760,98.538446,31.512117,10.000000
172.813916,97.834498,31.561049,10.000000
173.554848,97.992003,31.958776,10.000000
173.991729,98.211577,31.513191,10.000000
174.497639,98.454900,31.673597,10.000000
175.518200,98.705526,32.027893,10.000000
174.923710,98.107067,31.626860,10.000000
175.618335,98.343448,32.119011,10.000000
176.064636,98.723471,31.627403,10.000000
176.081697,98.329586,32.251003,10.000000
177.299409,98.909292,31.653530,10.000000
177.460420,98.659555,31.703350,10.000000
178.070917,98.541441,31.407520,10.000000
178.679471,98.941897,31.577665,10.000000
178.953074,98.894304,31.532274,10.000000
178.367104,98.773954,31.934271,10.000000
179.492329,98.602645,31.828459,10.000000
179.573497,98.301233,32.082024,10.000000
179.925682,98.687129,31.549431,10.000000
180.244958,97.983682,31.300983,10.000000
180.887704,97.900320,32.175091,10.000000
180.995976,97.257312,31.789099,10.000000
181.401398,97.396022,31.693991,10.000000
182.130693,97.622945,31.968983,10.000000
182.071889,97.257695,32.134228,10.000000
183.063461,98.000748,31.402542,10.000000
183.282562,97.388456,31.596321,10.000000
184.070217,98.232052,31.336205,10.000000
184.117220,98.033815,32.340641,10.000000
185.100355,98.866876,31.341694,10.000000
185.109094,99.893830,31.679478,10.000000
185.421536,99.765736,31.635984,10.000000
185.786286,100.053705,31.867437,10.000000
185.940726,100.159040,31.191561,10.000000
186.401805,99.399102,31.709427,10.000000
186.986414,99.826995,31.699863,10.000000
186.893338,99.274353,31.749067,10.000000
187.484136,99.482796,31.420643,10.000000
187.460104,99.329768,32.048542,10.000000
188.889228,99.590968,31.912048,10.000000
188.562573,98.954102,31.607428,10.000000
189.687734,99.262247,32.030148,10.000000
189.417716,99.768857,31.761683,10.000000
190.127163,99.301255,32.373352,10.000000
190.719087,99.685151,31.758480,10.000000
190.261994,99.035757,31.800680,10.000000
191.367151,99.163879,32.094517,10.000000
192.004043,99.105585,32.067635,10.000000
192.154539,98.924308,32.121220,10.000000
192.663242,98.855230,32.076591,10.000000
192.259033,99.108676,32.171753,10.000000
193.189371,99.491597,32.675152,10.000000
193.497966,99.425593,32.538467,10.000000
194.025312,99.357014,32.510967,10.000000
194.311547,99.151688,31.972723,10.000000
195.427600,99.271334,32.216736,10.000000
195.169917,99.577654,31.514452,10.000000
195.668766,98.551348,31.675827,10.000000
195.766260,98.569962,32.078442,10.000000
196.404863,98.523117,32.367153,10.000000
196.633543,98.288309,32.346058,10.000000
197.745303,98.881835,31.613489,10.000000
197.502229,98.502914,31.898708,10.000000
198.739338,98.152796,32.139473,10.000000
199.081033,98.819243,31.517315,10.000000
199.169153,98.584436,31.920269,10.000000
199.846943,98.153783,31.741903,10.000000
200.226374,98.503641,31.409296,10.000000
201.076799,98.261424,31.445072,10.000000
201.247814,97.581815,31.817940,10.000000
201.559930,97.434917,32.343121,10.000000
201.744460,97.895310,31.357080,10.000000
201.968014,97.135594,31.919882,10.000000
202.546604,96.730738,32.043388,10.000000
202.649967,96.430387,32.159668,10.000000
203.364462,97.196071,31.976519,10.000000
203.784713,97.377805,32.331474,10.000000
203.948431,97.560048,32.196987,10.000000
204.537304,96.418479,31.684256,10.000000
205.568884,96.895104,32.292538,10.000000
205.328056,96.583554,31.794266,10.000000
205.845697,96.570465,32.500233,10.000000
205.391901,97.296277,32.304661,10.000000
205.968544,97.529753,32.226822,10.000000
206.665697,96.912213,32.015545,10.000000
207.233336,97.243635,31.766932,10.000000
208.153860,97.552708,32.060070,10.000000
208.432531,97.086994,31.780247,10.000000
209.074806,97.395039,32.197220,10.000000
209.686115,98.053496,31.249969,10.000000
209.383299,97.389165,31.648806,10.000000
210.247490,98.388486,31.446968,10.000000
210.633268,98.318802,32.091587,10.000000
210.474252,98.850302,31.885639,10.000000
211.471392,98.695787,31.951265,10.000000
211.787698,99.102379,31.734776,10.000000
211.752149,99.752733,31.408840,10.000000
212.025854,99.817646,32.188313,10.000000
212.576616,98.880755,31.386562,10.000000
218.545320,98.977470,32.479664,10.000000
219.621101,98.891327,32.061607,10.000000
219.299926,97.971288,31.979424,10.000000
220.412042,97.683401,32.415852,10.000000
220.770351,97.752487,31.976212,10.000000
220.534790,97.316810,31.664299,10.000000
221.751723,97.877369,31.648355,10.000000
221.154020,97.737779,31.826038,10.000000
222.106897,97.559861,31.943142,10.000000
222.475212,97.320431,31.845322,10.000000
223.647342,98.088101,31.435890,10.000000
223.198020,97.480615,31.321413,10.000000
223.890205,97.901546,32.387947,10.000000
223.984031,97.961117,32.419655,10.000000
224.186451,98.622969,31.615685,10.000000
224.694468,98.027465,31.517221,10.000000
225.660289,98.160094,32.060341,10.000000
225.413249,98.302469,31.311876,10.000000
225.676172,97.802741,31.621868,10.000000
226.610902,97.765176,32.325062,10.000000
226.431436,97.882247,32.107258,10.000000
227.360147,97.957029,32.553715,10.000000
227.587263,98.500546,32.351521,10.000000
227.918569,97.462440,31.416836,10.000000
227.469066,97.639837,33.798584,10.000000
228.457553,97.489061,32.504013,10.000000
227.530647,97.682638,34.618309,10.000000
227.736675,97.788956,35.051781,10.000000
228.474842,97.730539,33.089775,10.000000
228.669458,97.785873,33.981251,10.000000
229.746833,97.465228,32.768845,10.000000
230.276327,97.745417,32.714779,10.000000
230.982061,98.099748,33.252880,10.000000
231.940937,97.331952,32.614166,10.000000
232.179751,98.123495,31.600626,10.000000
232.887655,98.157187,32.635159,10.000000
232.643177,97.663644,32.907875,10.000000
231.835714,98.039289,34.442463,10.000000
233.436864,97.034959,32.318157,10.000000
230.018516,97.378215,37.561852,10.000000
230.592809,97.713138,36.914364,10.000000
233.625387,97.662790,32.589504,10.000000
235.279697,97.795089,32.548737,10.000000
234.539348,97.955932,34.597343,10.000000
236.416710,98.100942,32.713745,10.000000
237.362628,97.316879,31.586618,10.000000
233.003116,97.905188,39.087685,10.000000
237.482389,97.756986,31.895329,10.000000
238.546014,97.623474,31.996197,10.000000
238.101158,97.614688,32.179100,10.000000
239.106588,97.563688,32.050106,10.000000
239.166334,97.461572,32.362797,10.000000
236.492227,97.978526,36.862560,10.000000
236.454494,97.951201,37.147293,10.000000
239.222982,97.194066,33.367474,10.000000
235.461115,97.338452,39.341778,10.000000
236.776971,97.915562,36.911167,10.000000
238.071651,98.104749,35.998482,10.000000
241.694229,97.973616,32.615402,10.000000
241.269628,98.505738,32.909565,10.000000
243.003477,97.817055,31.567287,10.000000
242.772525,97.665685,32.230057,10.000000
243.224582,97.408494,31.939453,10.000000
243.287231,97.881715,32.818314,10.000000
241.620287,97.860417,35.135220,10.000000
243.501217,98.218336,32.708382,10.000000
244.774360,97.527999,32.049202,10.000000
244.881233,97.066244,32.225601,10.000000
245.658342,97.746761,32.091549,10.000000
245.886495,97.589942,32.085491,10.000000
246.310147,97.372814,31.924276,10.000000
247.048721,97.827911,32.525421,10.000000
247.491060,97.996103,31.664631,10.000000
247.969898,97.592358,32.198738,10.000000
248.136043,97.076375,32.074638,10.000000
248.643810,97.489611,32.409065,10.000000
249.111339,97.376905,32.440979,10.000000
249.274320,97.234834,32.151287,10.000000
250.218570,97.453991,32.557800,10.000000
250.206504,97.267747,31.931122,10.000000
250.388404,97.514983,32.694725,10.000000
251.044983,97.236393,32.458008,10.000000
251.320287,97.087432,32.126934,10.000000
252.307327,97.326576,32.016029,10.000000
252.966907,97.618363,31.706665,10.000000
252.771907,96.791940,31.310783,10.000000
253.438586,97.480892,31.586290,10.000000
253.402025,97.498268,32.733196,10.000000
253.863744,97.124372,32.192806,10.000000
253.677124,97.240166,32.609909,10.000000
254.469757,97.126165,32.627594,10.000000
255.005397,96.873134,32.491585,10.000000
255.247058,97.760708,31.697983,10.000000
255.924799,96.999694,31.765118,10.000000
255.928030,97.176196,32.430347,10.000000
256.453756,96.821833,31.746052,10.000000
257.707386,96.848338,32.068985,10.000000
257.272136,97.138420,32.039490,10.000000
258.303981,97.334795,32.254822,10.000000
258.813675,97.700117,32.045326,10.000000
