211.200000,88.800000,15.800000,4.400000
211.064397,89.416992,14.917218,10.000000
209.844623,89.195250,14.778240,10.000000
209.423828,87.836040,15.253585,10.000000
208.433779,88.924965,11.941862,10.000000
207.615141,88.715833,13.164667,10.000000
205.523974,88.248463,15.656493,10.000000
204.761453,89.028785,11.824207,10.000000
202.913496,89.676619,13.971447,10.000000
202.818650,90.210324,11.957762,10.000000
201.089692,89.764210,15.468901,10.000000
200.021833,89.345140,15.922832,10.000000
199.612458,90.490061,15.235018,10.000000
198.427958,90.997854,13.317134,10.000000
197.204500,90.485313,13.608097,10.000000
196.096282,90.217762,14.825921,10.000000
195.752887,90.123287,14.961452,10.000000
194.180379,89.795351,13.684491,10.000000
192.820237,90.437637,12.849446,10.000000
192.836461,90.733515,13.118150,10.000000
191.748041,89.640497,14.267047,10.000000
190.251498,89.817524,14.007405,10.000000
188.799319,90.336947,15.955172,10.000000
187.914110,90.210272,16.256130,10.000000
186.187221,90.154090,13.405228,10.000000
185.794509,90.136963,12.575232,10.000000
183.839940,90.259431,16.015341,10.000000
184.397381,90.631887,14.233394,10.000000
182.680916,90.454642,14.744432,10.000000
181.135613,90.537107,15.689943,10.000000
181.411975,90.738662,13.967752,10.000000
180.364511,90.738953,13.616395,10.000000
177.975681,91.011960,14.690929,10.000000
177.141170,90.012285,13.315914,10.000000
176.616549,90.365407,14.528003,10.000000
175.024159,90.809821,13.663539,10.000000
174.292103,91.088278,14.230509,10.000000
173.416062,91.007907,12.735784,10.000000
171.331313,91.075983,13.421441,10.000000
170.077684,90.441526,13.482463,10.000000
170.044806,90.860229,12.684646,10.000000
169.120281,90.959931,12.789925,10.000000
166.875363,90.940583,11.637060,10.000000
166.131063,90.743119,12.502648,10.000000
165.717328,91.047986,13.458524,10.000000
164.886104,90.354080,13.055455,10.000000
164.140949,91.271318,14.918887,10.000000
163.220514,90.688151,15.083958,10.000000
160.596759,90.634882,18.204449,10.000000
158.976250,90.747485,18.106607,10.000000
158.688425,90.952426,15.598678,10.000000
157.984064,91.362847,16.344753,10.000000
155.954548,91.793159,17.077408,10.000000
154.595707,91.877970,16.674137,10.000000
154.895339,91.174129,15.058782,10.000000
154.561892,91.528411,14.773600,10.000000
153.637586,91.422451,14.770131,10.000000
151.499799,91.229216,15.234471,10.000000
150.800437,91.484713,15.636786,10.000000
149.266234,91.024656,14.739095,10.000000
147.896756,90.598706,15.809595,10.000000
146.955645,91.146368,15.913283,10.000000
145.755769,90.823372,13.112653,10.000000
145.385327,90.823500,15.604837,10.000000
143.309852,90.821857,17.573887,10.000000
141.930222,90.630597,15.883772,10.000000
141.389064,91.104928,16.201305,10.000000
140.020818,90.504175,15.455124,10.000000
138.799520,90.295730,15.696755,10.000000
138.452871,91.020873,15.222018,10.000000
137.279107,91.209459,16.134130,10.000000
135.810493,90.371410,17.114929,10.000000
134.880845,90.742862,16.967222,10.000000
133.389029,91.116953,16.183241,10.000000
132.634338,90.564749,16.567986,10.000000
131.490427,90.763933,15.752254,10.000000
130.605371,91.283426,15.849427,10.000000
129.624943,91.209094,15.472120,10.000000
128.740410,91.412906,15.467578,10.000000
127.362250,91.556841,15.862974,10.000000
125.476101,91.534729,16.018740,10.000000
125.103118,91.541980,12.723950,10.000000
124.496745,91.127318,15.720564,10.000000
122.768674,91.227932,14.413163,10.000000
122.484251,91.240287,13.802432,10.000000
120.372179,91.161786,16.427498,10.000000
118.754817,91.594487,16.081232,10.000000
118.159493,91.699774,16.013510,10.000000
116.385249,91.861652,16.254725,10.000000
115.453339,92.014748,15.687312,10.000000
114.022269,90.985522,16.970549,10.000000
113.421340,91.962453,16.287073,10.000000
111.844023,91.588093,16.677366,10.000000
111.072779,91.247238,17.460272,10.000000
109.942568,91.234480,16.795332,10.000000
108.986866,91.698668,17.247684,10.000000
107.609559,91.944036,16.861456,10.000000
106.458174,90.575444,17.203691,10.000000
104.722934,90.875168,17.114620,10.000000
103.695449,90.998649,17.623661,10.000000
95.679049,91.456175,16.961508,10.000000
94.327704,91.827003,18.042089,10.000000
94.389759,91.898046,16.113422,10.000000
92.487753,92.430485,17.449320,10.000000
91.107456,91.873582,18.213112,10.000000
90.389340,91.941702,17.802698,10.000000
90.173125,92.264382,15.943357,10.000000
88.064791,91.955373,16.521852,10.000000
87.734376,91.737735,16.863008,10.000000
85.891277,91.514573,17.203915,10.000000
84.481108,92.296274,17.433298,10.000000
82.749796,91.864609,18.447037,10.000000
84.728290,91.995631,18.321247,10.000000
86.457402,91.956499,18.153669,10.000000
90.103296,91.800388,17.927143,10.000000
98.306598,91.489296,18.405655,10.000000
105.926980,91.313217,18.047613,10.000000
113.700374,91.511924,16.189255,10.000000
117.994236,91.144928,17.504196,10.000000
122.286466,90.837403,18.211273,10.000000
125.606242,90.675220,17.717367,10.000000
129.212298,90.517092,17.409105,10.000000
132.371636,90.749712,16.370768,10.000000
135.110845,90.364269,13.860451,10.000000
139.517394,90.844167,15.945967,10.000000
143.064038,90.721825,17.071436,10.000000
145.819934,90.283820,18.606081,10.000000
150.004781,89.563920,17.589691,10.000000
154.606824,89.221572,16.835052,10.000000
159.276698,89.804662,17.333002,10.000000
164.406109,90.043062,17.580080,10.000000
167.225502,89.276013,17.998371,10.000000
170.343216,89.480527,18.430470,10.000000
174.394014,89.117831,18.185204,10.000000
178.229488,89.093154,16.524334,10.000000
181.239338,88.776454,14.308238,10.000000
184.636278,88.311845,15.154762,10.000000
185.696924,88.873177,17.588089,10.000000
188.620668,88.370645,17.389694,10.000000
189.878851,88.406113,17.502945,10.000000
191.183518,88.328163,16.720095,10.000000
191.414344,88.839531,16.848446,10.000000
192.217147,88.321343,17.677937,10.000000
193.215118,88.872930,17.769527,10.000000
194.602956,88.579659,14.092626,10.000000
195.560853,88.265848,13.683469,10.000000
198.473526,88.136149,16.778305,10.000000
201.423142,88.287184,17.722574,10.000000
205.392572,87.971171,18.527538,10.000000
208.204868,87.852625,18.904011,10.000000
211.240285,87.981855,18.939100,10.000000
214.097267,87.755443,18.805893,10.000000
218.375534,87.722437,18.291534,10.000000
221.342380,87.643083,18.624084,10.000000
226.248664,87.725566,15.605566,10.000000
230.209695,86.784508,19.404510,10.000000
233.978529,86.508740,19.358452,10.000000
237.953649,86.451285,19.482689,10.000000
242.217999,87.168805,18.956163,10.000000
246.354565,86.756024,17.077417,10.000000
250.871727,86.746874,17.077759,10.000000
253.922641,86.839356,17.608238,10.000000
257.519250,85.951128,18.204504,10.000000
258.965232,85.904371,19.770422,10.000000
262.151489,86.326156,19.925869,10.000000
263.657942,85.821814,19.639048,10.000000
265.852783,86.312470,19.722046,10.000000
267.539470,85.705889,19.478764,10.000000
270.050209,85.472289,19.584904,10.000000
272.175604,86.053714,19.188303,10.000000
274.990211,85.932550,15.308427,10.000000
276.993680,85.608224,12.693281,10.000000
279.960878,85.296686,12.733832,10.000000
280.254845,85.629805,15.548079,10.000000
280.964673,84.979276,17.320044,10.000000
281.728314,85.752499,17.714590,10.000000
280.655558,84.731188,19.343054,10.000000
282.142129,84.942127,19.293726,10.000000
282.796833,84.691008,19.967297,10.000000
284.843640,85.079024,20.157660,10.000000
286.117073,84.421727,20.379776,10.000000
288.584862,85.333574,20.776178,10.000000
290.013474,85.208697,20.070539,10.000000
291.202023,84.475580,20.145750,10.000000
292.285369,84.766609,21.027996,10.000000
294.112800,84.960300,20.999207,10.000000
291.917252,84.731868,20.891954,10.000000
291.199685,84.391530,21.385866,10.000000
289.906006,84.637795,21.485373,10.000000
288.970918,84.854837,20.762161,10.000000
287.098569,84.552145,21.405167,10.000000
285.978465,84.915327,20.775927,10.000000
284.640321,84.723707,21.266521,10.000000
282.711053,84.879549,20.679211,10.000000
281.369094,84.989565,21.101135,10.000000
280.214899,85.328438,20.663925,10.000000
278.107148,85.062479,21.446039,10.000000
277.523582,84.997117,21.259605,10.000000
275.790022,85.615126,19.595066,10.000000
273.998056,84.793710,18.483246,10.000000
267.685523,85.423153,18.573866,10.000000
266.437584,85.382888,21.070379,10.000000
265.206901,84.967988,21.073586,10.000000
263.279098,86.196497,21.020428,10.000000
261.908339,85.758692,21.405405,10.000000
261.039231,86.078232,20.968748,10.000000
258.275164,85.959455,22.348677,10.000000
257.712667,85.726520,22.231663,10.000000
255.719390,85.863481,20.947996,10.000000
255.259562,85.730154,20.801008,10.000000
253.230101,86.264806,17.620424,10.000000
251.954797,86.805714,14.483747,10.000000
251.102546,86.626356,14.824658,10.000000
250.006128,86.341862,16.768311,10.000000
248.231395,86.637166,19.239811,10.000000
246.568836,85.984758,20.645416,10.000000
245.355531,86.145238,20.869446,10.000000
243.704264,86.365822,21.455580,10.000000
242.703038,86.320415,18.074770,10.000000
240.935641,86.709730,19.977129,10.000000
240.164847,86.598759,20.556471,10.000000
239.160724,86.307997,21.142838,10.000000
238.570647,86.618296,21.369303,10.000000
238.528141,86.916779,20.339931,10.000000
238.694981,86.861398,21.102888,10.000000
238.094741,87.509894,23.400452,10.000000
237.690522,86.289090,24.911646,10.000000
237.866198,87.319192,24.672522,10.000000
236.803691,87.072338,19.149467,10.000000
235.942885,87.121515,20.117498,10.000000
234.746235,86.811305,21.239080,10.000000
234.597829,87.434263,21.398663,10.000000
235.030426,87.031090,20.890995,10.000000
235.927281,86.851176,18.725878,10.000000
235.571007,87.282342,20.729513,10.000000
236.183049,86.550771,19.772684,10.000000
236.436769,86.004194,19.056675,10.000000
236.698103,86.222509,19.068249,10.000000
237.293938,86.474076,19.713144,10.000000
236.124875,85.430319,21.384203,10.000000
237.187822,86.506251,21.370529,10.000000
237.742438,86.096998,21.214491,10.000000
237.615688,85.980272,21.655079,10.000000
236.986247,87.154243,21.577085,10.000000
236.383526,85.930508,22.721827,10.000000
234.777398,87.326717,21.069983,10.000000
233.620530,86.712761,16.927378,10.000000
231.715537,87.166632,18.885633,10.000000
230.550724,86.786087,20.213718,10.000000
229.773216,87.417810,21.269707,10.000000
227.666420,87.157396,22.136707,10.000000
226.387917,87.542588,21.736635,10.000000
224.517336,87.648195,22.584705,10.000000
223.958830,87.855431,21.724791,10.000000
221.910196,87.845111,20.327015,10.000000
220.683247,86.960520,21.414389,10.000000
218.952368,87.541378,22.028772,10.000000
217.094977,86.582105,23.038363,10.000000
216.380426,87.187900,22.150532,10.000000
215.314282,87.464214,21.870863,10.000000
213.895712,87.828710,21.157337,10.000000
212.606063,87.529840,18.710224,10.000000
210.868699,87.317615,21.146402,10.000000
209.260547,87.131555,20.221355,10.000000
207.825871,86.941288,19.055376,10.000000
209.119302,87.133968,21.255188,10.000000
210.536057,86.969925,21.582453,10.000000
212.449227,87.557794,21.192553,10.000000
212.386235,86.815415,20.977343,10.000000
213.684377,87.049243,19.941643,10.000000
214.423317,86.980341,21.509258,10.000000
215.671241,87.040197,21.088451,10.000000
216.495292,86.644504,18.605091,10.000000
218.197376,86.837393,21.437935,10.000000
220.391921,86.641215,22.238749,10.000000
219.071208,86.153974,23.267420,10.000000
220.581416,86.775520,21.429567,10.000000
220.572692,86.964260,21.302382,10.000000
219.904651,87.235862,23.156200,10.000000
220.112527,86.769112,22.760450,10.000000
220.187679,86.952763,22.177063,10.000000
219.389409,86.956735,19.820509,10.000000
219.021894,87.467604,23.893745,10.000000
219.194928,87.421760,23.879110,10.000000
219.431972,87.475480,17.625515,10.000000
220.052551,87.414682,20.805374,10.000000
220.415138,87.164015,23.143246,10.000000
220.824326,86.689695,23.389498,10.000000
219.880446,86.664398,24.355337,10.000000
221.689989,86.764961,22.688026,10.000000
221.360592,86.598079,23.908379,10.000000
221.103915,85.812151,24.597948,10.000000
220.206023,86.928282,23.798361,10.000000
218.857833,86.376514,23.572439,10.000000
217.681754,86.823451,20.453878,10.000000
215.821471,86.273660,20.235094,10.000000
213.945915,85.654878,22.979561,10.000000
212.870622,86.459034,22.012329,10.000000
210.964940,86.243143,22.744608,10.000000
209.284618,85.211121,22.866711,10.000000
204.155038,86.273616,20.975346,10.000000
201.870990,87.143865,23.246185,10.000000
200.543774,86.531336,23.579882,10.000000
199.292217,86.601828,23.521549,10.000000
197.580588,86.760878,23.652979,10.000000
196.087111,87.277552,23.915762,10.000000
194.442668,87.953259,20.230692,10.000000
193.359630,88.500745,11.505437,10.000000
190.897410,87.935036,16.356283,10.000000
189.593142,88.040556,15.586367,10.000000
188.291400,88.389597,14.295389,10.000000
185.770279,88.249232,15.511227,10.000000
183.410070,87.669475,24.298977,10.000000
182.277156,87.684120,24.317280,10.000000
181.234373,87.553709,24.621716,10.000000
180.740613,87.690062,24.372301,10.000000
180.023130,88.118781,17.795418,10.000000
177.576585,88.067212,23.035164,10.000000
176.213983,88.009099,24.210987,10.000000
174.768797,88.198107,22.830069,10.000000
173.369300,88.833509,23.597849,10.000000
174.033247,88.812826,14.992031,10.000000
174.218286,89.346546,13.711743,10.000000
175.293924,88.670252,14.966839,10.000000
179.300342,89.143931,15.451535,10.000000
182.053136,88.812421,17.374615,10.000000
184.277924,88.718856,21.969900,10.000000
184.852275,88.099150,22.599386,10.000000
185.419996,88.260522,21.599728,10.000000
187.082584,88.117787,22.012444,10.000000
188.789364,88.458514,23.558493,10.000000
191.405510,88.959140,23.307388,10.000000
193.645944,88.756469,10.603795,10.000000
193.392198,88.433738,13.203546,10.000000
192.737469,88.855831,15.593580,10.000000
190.660442,88.297532,18.842834,10.000000
190.728150,88.267825,24.458612,10.000000
193.432105,87.878516,23.666113,10.000000
196.114629,87.728305,22.994461,10.000000
198.687341,88.164597,21.995461,10.000000
197.064613,88.372059,23.736618,10.000000
197.226134,88.924712,16.886316,10.000000
197.714572,88.388926,23.620314,10.000000
197.691141,88.924072,21.164948,10.000000
198.943888,89.009632,17.973475,10.000000
200.880081,88.394946,13.572800,10.000000
202.595219,87.990393,14.898845,10.000000
203.398741,88.369112,15.437742,10.000000
204.762420,88.113731,17.855572,10.000000
204.946269,87.842275,18.739134,10.000000
203.560078,87.959875,21.530771,10.000000
203.150282,88.209221,23.446249,10.000000
202.760831,87.996037,24.070312,10.000000
203.362359,88.279726,22.228647,10.000000
203.239681,88.131674,21.187824,10.000000
203.180653,87.234359,22.992476,10.000000
203.887825,87.688926,15.730232,10.000000
203.695783,87.975223,16.556683,10.000000
202.485875,87.669088,18.490385,10.000000
202.886467,87.998489,19.987827,10.000000
203.311605,88.237637,16.732674,10.000000
204.188001,87.733271,25.590176,10.000000
208.271926,86.988550,24.519196,10.000000
211.216702,87.811049,20.487700,10.000000
213.958179,86.938872,17.254135,10.000000
214.844576,87.549796,17.155430,10.000000
216.516481,86.874660,16.750832,10.000000
218.435093,86.550726,20.208492,10.000000
219.307938,86.959336,24.242105,10.000000
220.216915,86.694614,23.617825,10.000000
220.210723,86.157667,24.486563,10.000000
220.141857,86.041319,25.088020,10.000000
219.270990,86.361139,25.844913,10.000000
219.898340,85.972075,22.256287,10.000000
224.124428,85.968406,18.002710,10.000000
227.888972,85.787414,15.363634,10.000000
229.224930,85.703208,15.578428,10.000000
230.591697,85.574811,15.182575,10.000000
231.593980,85.165462,20.010662,10.000000
232.627017,84.590681,23.419809,10.000000
236.169472,84.346197,25.024351,10.000000
239.534902,84.679759,23.550610,10.000000
240.997795,84.034421,25.363228,10.000000
240.841459,83.488440,27.890476,10.119092
243.584587,83.207781,26.605774,10.000000
245.212207,83.881806,24.888168,10.000000
243.932841,83.764062,20.097513,10.000000
242.971776,84.416124,15.210020,10.000000
240.038917,84.462741,14.640496,10.000000
238.710308,83.630610,16.663639,10.000000
235.901645,83.118599,12.941533,10.000000
234.381468,84.073570,11.586477,10.000000
231.578113,83.880776,16.587223,10.000000
229.936857,83.435416,15.425278,10.000000
227.928069,84.343730,15.518576,10.000000
225.911103,84.428879,14.142664,10.000000
223.927269,85.030347,19.812263,10.000000
223.201820,83.253375,16.421215,10.000000
217.786965,84.386805,26.640402,13.350335
196.898548,92.130096,44.241840,12.851128
185.246469,90.827646,62.090691,15.193211
185.911531,89.482326,61.087288,17.675934
187.850443,90.824546,62.447395,16.863625
191.732591,89.474324,62.388313,18.040648
195.669868,90.330282,62.917141,16.671183
197.601492,87.849782,62.505951,18.707272
200.266477,89.606057,63.394135,16.994740
199.035276,88.890844,62.422119,18.093075
200.412237,90.140978,63.212814,17.185564
203.772466,86.113488,62.430984,19.950588
207.214315,87.529144,63.062225,18.863800
210.780384,89.438090,62.668736,17.086405
214.530536,90.083704,61.683781,16.786631
216.077243,86.451127,61.389393,19.753742
218.311548,85.502297,62.257729,20.993399
219.198658,89.558846,61.478214,16.847952
218.897411,84.793915,63.108006,21.640989
222.120350,88.289309,62.131031,17.708277
222.833347,85.226640,63.873371,20.305264
228.267629,87.048396,61.722931,18.930412
230.453281,88.597022,62.932926,16.864746
234.510727,86.346914,63.216152,18.469959
239.113882,89.200649,62.499557,16.381750
244.032093,88.199884,62.966663,17.424160
247.600053,84.946697,64.129494,19.847969
252.960483,85.763739,61.780109,19.027620
254.342630,85.972187,62.912361,18.447989
257.308675,86.612979,62.532898,17.235085
255.942960,84.576131,59.805115,21.106052
259.476091,85.598434,59.471458,17.599411
261.885221,85.966968,63.251465,18.834572
266.462597,84.195061,62.231266,19.343962
270.274908,86.427655,62.711990,17.499182
271.563490,83.779191,62.511353,19.466015
271.871324,84.647096,63.333672,18.280148
274.127191,84.394577,62.505821,19.224394
274.520595,83.724556,62.933292,19.131330
275.851064,85.045474,63.301086,18.130318
274.731969,87.456589,62.084991,15.735319
277.440315,84.849991,61.269939,19.025785
279.511751,84.803796,62.466911,18.253658
281.501249,83.987925,62.706238,19.104456
284.835668,85.746786,62.891434,17.469545
285.811386,82.976407,62.162243,19.888828
287.229770,85.604587,62.437077,17.306740
288.573364,83.824975,62.235821,19.470791
289.253502,82.926233,62.857418,19.442577
290.069797,84.302109,63.198551,17.847929
292.404707,83.548230,62.078079,18.782398
292.202615,84.284382,63.096992,18.406225
294.071138,83.424786,63.163567,19.070379
297.888139,85.860917,62.999382,16.688152
299.326915,82.527250,61.782490,19.429295
303.654874,84.792569,61.934799,16.592945
305.762916,82.618011,61.692715,18.665199
307.162775,83.030629,62.388832,18.490795
309.492162,84.912256,63.023483,16.594637
309.911556,83.119529,62.488956,18.547676
311.500051,82.526901,62.653305,18.500586
313.235098,83.403718,63.444855,17.980457
313.661113,84.110731,63.042728,17.485056
314.561611,81.914593,62.637684,19.529768
315.897590,81.003753,63.178036,19.735695
317.711542,80.776007,63.020531,20.118937
316.029865,83.774700,61.684757,17.218977
318.012436,81.831987,61.710690,18.958881
319.564144,81.241145,62.825092,19.338913
320.116485,83.699965,63.677578,16.589136
322.639373,83.023308,62.523647,17.993231
326.070581,81.161814,61.708138,18.727327
327.758379,82.148731,63.107353,17.534988
331.502567,82.028747,62.587345,17.950706
335.836650,81.091773,61.809162,18.232262
337.673839,79.650762,62.297001,19.921780
341.149623,81.984432,62.832264,17.581665
343.287895,82.483372,62.654354,17.046522
346.456127,79.746996,60.633671,18.829401
349.281429,81.199067,58.198582,17.823940
351.800254,79.388695,55.610027,18.964743
354.085342,81.441084,52.949841,16.959269
357.498878,79.444376,49.571194,18.731737
361.086176,80.179274,46.850449,17.744371
361.588363,81.492615,45.871159,16.390211
364.409256,78.926122,42.936100,18.572895
367.005746,79.711088,41.360703,17.695070
369.162059,80.733764,39.168842,16.614182
370.951728,80.143023,37.567410,16.535868
371.427370,83.207772,36.282928,14.179425
372.357565,83.031313,35.368279,13.906626
372.194481,82.532747,35.301083,14.895618
372.992799,82.725211,34.871986,14.309716
375.134651,82.967071,33.367725,13.745574
374.586115,83.363265,33.290840,13.327363
375.816278,82.254183,32.139343,14.186357
377.562801,83.983535,30.449780,13.193749
380.981627,82.634166,27.850714,14.191123
383.035966,82.353488,25.478928,14.040863
384.345502,84.597343,23.836985,12.729469
386.422897,83.756415,22.336193,12.875978
386.619535,84.133425,21.258858,12.294122
392.868908,85.465385,15.307399,10.338561
393.125369,86.195765,14.951223,10.000000
395.105173,86.844171,13.189601,10.000000
396.012007,87.572507,12.030726,10.000000
396.056695,85.310426,12.541155,10.000000
395.960160,85.745161,12.481545,10.000000
396.752511,86.890149,11.686647,10.000000
397.997141,86.299819,10.278259,10.000000
399.000000,87.555120,10.000000,10.000000
399.000000,86.765359,10.000000,10.000000
399.000000,86.438678,10.000000,10.000000
399.000000,87.265009,10.000000,10.000000
399.000000,88.956879,10.000000,10.000000
399.000000,83.988946,10.000000,13.116564
387.288074,84.029750,21.711926,23.610357
353.333279,67.677406,55.666721,46.076405
260.895628,58.555273,133.929916,86.717705
157.347013,68.520540,186.431625,83.719696
52.919806,73.311312,277.335571,126.720856
74.648352,100.168943,286.573425,105.578041
53.332846,98.800917,284.238007,95.728523
25.977926,70.613173,280.206085,121.002876
46.719305,118.090631,272.247437,83.571152
23.965399,101.483305,201.872131,95.529091
10.455679,127.196680,212.754486,70.118271
21.290144,104.934313,249.781967,91.530701
52.315268,111.141512,262.289032,82.796906
60.078039,98.509222,275.581665,104.704674
15.438955,80.473913,280.694672,114.950462
12.316320,91.753710,304.906433,107.608521
8.555609,67.565107,271.508362,97.158699
0.000000,111.526880,175.726118,82.126755
20.113776,105.614882,279.496735,87.138557
12.258231,106.835848,148.378998,89.304779
4.641494,103.877329,144.959213,89.986282
15.248504,102.926783,210.428360,92.912491
15.602790,102.845812,266.335022,97.124725
0.000000,110.628740,204.300094,85.173615
18.146476,86.026175,263.112854,110.972099
1.626373,112.530996,244.908188,81.737053
21.065803,97.295679,307.512970,108.537888
1.186721,101.605268,184.310867,94.900093
0.000000,77.248327,208.658844,115.794334
3.939087,102.372496,272.101776,91.544777
2.620582,112.343321,195.882767,81.256325
5.439094,109.970617,175.056870,80.059715
3.313400,117.476763,183.166138,73.108307
0.000000,121.733831,131.823051,71.141777
9.627933,95.369684,175.840591,97.295639
6.378055,126.270807,163.869797,65.178574
21.593761,88.699411,195.472107,103.934189
9.484051,98.303232,215.325012,98.371811
0.773731,118.994764,249.313095,77.127785
9.159725,77.003160,282.461334,111.377411
0.000000,101.926790,168.471348,94.515747
4.291536,113.633341,240.679657,79.028305
19.852465,93.537020,304.802368,107.679077
0.000000,106.728540,151.118235,85.767776
0.000000,130.587831,146.205426,62.223175
0.153281,126.829809,131.687256,66.647301
0.965361,128.956770,143.897263,60.932289
4.516615,109.553583,184.752731,81.187027
1.497473,123.343096,154.896606,71.093292
3.424010,131.190418,144.560257,61.123165
0.280173,127.509350,152.324036,62.764416
4.013480,123.571077,153.769043,65.330597
1.043822,122.989145,149.777695,66.467514
13.691390,110.518396,189.597397,79.111893
2.648139,126.408861,147.662994,68.806610
1.713973,121.715513,151.724991,71.775917
10.830618,113.526892,159.914612,77.440788
0.867102,134.598381,147.975708,59.696918
3.485144,129.622345,151.123657,63.173466
0.607794,113.269373,167.202942,76.543594
1.853178,99.462130,152.263535,93.924316
3.246397,117.800779,158.205765,71.978615
6.776892,110.067881,168.029785,79.585739
1.760443,125.864092,161.285065,68.406128
3.660895,91.924181,177.098602,100.548248
2.023192,104.965502,231.661850,89.425507
5.654166,113.530493,165.634766,82.225517
7.392279,112.707045,178.098297,79.619240
1.465521,126.636988,170.147003,68.075333
4.718413,109.190569,180.991257,83.306183
0.533301,117.745371,178.505920,76.407700
18.027525,113.794558,169.304276,77.232666
1.493666,124.885595,180.229782,67.200523
13.187460,121.275160,122.199890,67.906746
6.854613,107.917376,180.455246,82.393494
2.075407,120.366030,186.362350,74.311279
6.616942,117.322554,199.443832,74.780922
1.859976,115.303167,189.550720,78.021355
9.228232,114.894022,200.013855,75.379013
6.619254,109.789221,188.306793,82.223228
9.937331,108.536432,191.412247,83.407791
12.138785,120.280561,186.340240,74.849159
13.177695,111.298285,187.251617,81.374138
2.128058,120.197886,142.002533,71.713974
22.221945,110.287935,226.607178,86.472656
2.144972,99.177656,207.332993,94.267677
