190.000000,96.400000,23.000000,20.000000
191.442890,96.393795,21.437759,20.991085
190.079989,96.148395,21.612535,20.971449
190.148165,95.410645,22.015812,20.701756
190.806144,95.577122,21.621416,20.989170
190.319169,95.895770,21.913687,21.021355
191.002512,96.013463,21.698063,21.275919
190.213326,95.475733,22.074326,20.721565
190.532913,95.477666,21.759895,21.029993
190.716269,95.793598,21.822329,20.877165
190.183026,96.093992,22.153997,21.027681
189.878128,95.958019,22.134560,20.726217
190.153811,96.156166,21.844028,20.893423
190.269533,95.338522,21.982113,20.834877
190.466126,95.434628,21.766882,20.922901
190.451596,95.466603,21.850729,21.039242
190.522781,95.613783,21.794640,21.095695
190.253983,95.838162,22.029005,20.899403
190.342132,95.932141,22.029200,21.046658
190.001364,95.645498,22.376225,20.937593
189.548090,95.264526,22.422993,20.882780
190.562962,95.865827,22.082169,21.180094
190.357595,95.571098,22.496975,21.095060
189.790559,95.728434,22.243040,21.188515
190.604136,95.550849,22.449984,21.009352
190.537443,95.143947,22.624752,21.110632
190.088819,95.417066,22.439634,20.985094
190.409472,96.326951,22.283243,20.815081
190.446564,96.036994,22.373924,20.846113
190.502512,95.790461,22.523090,20.834183
190.841974,95.364651,22.491322,21.012402
190.200015,96.276754,22.522333,20.894274
190.279039,95.884570,22.697124,20.909172
190.344978,96.161998,22.528297,21.015638
190.102868,95.408941,22.759954,20.805513
190.904718,95.442933,22.597103,20.934504
190.319324,96.221629,22.728119,20.846992
189.773092,95.472505,23.109173,20.642008
190.717129,95.384682,22.844856,21.228092
190.199983,96.459538,22.860685,20.948505
190.062081,95.627736,23.246099,20.854549
190.215118,95.401554,23.311005,20.796408
190.705443,96.176584,22.900003,20.883974
190.352182,95.348816,23.242725,20.903889
191.006381,96.068232,22.953066,21.079491
190.961939,95.254429,23.253468,21.084446
190.625520,96.245290,22.925077,21.012804
190.323633,95.366702,23.295567,20.964592
191.162057,96.039580,22.959173,21.315323
190.796237,95.872486,23.166910,21.048359
190.476984,95.600882,23.099049,21.065353
190.137093,95.334051,23.142586,20.902369
190.326572,95.468965,22.936485,21.038820
190.317060,95.614856,22.953291,21.118399
190.491751,95.419857,23.368244,20.762714
190.117357,96.174124,23.000896,20.865440
189.933331,95.193694,23.320503,20.945976
190.607139,95.874802,23.171358,21.093082
190.178408,95.447974,23.163349,21.077087
190.786416,96.086634,23.094511,21.170288
190.262207,95.848383,23.384895,20.865662
190.833000,95.443416,23.432236,21.000822
190.556779,96.385432,23.375753,20.817322
190.204097,96.057317,23.450617,20.714907
190.815190,95.541799,23.571089,20.935015
190.680530,95.331503,23.396952,20.738358
190.449644,96.090183,23.420033,20.801779
190.111243,95.760535,23.564371,20.774475
190.898623,95.412737,23.602999,20.755928
190.928793,96.237420,23.335224,20.860226
190.638798,95.959911,23.624130,20.701551
190.398086,95.688575,23.782511,20.609068
190.435822,96.410122,23.518517,20.808590
190.268694,95.887228,23.748005,20.910866
190.900810,96.053370,23.499664,20.835197
190.715470,95.620117,23.844648,20.833975
190.218670,95.695044,23.851082,20.971214
190.796385,95.891923,23.558849,20.818918
190.601856,95.488302,23.982101,20.815454
190.222626,95.571547,23.726791,20.968803
190.609350,95.692371,23.909954,21.027639
190.096179,95.901925,23.795298,20.925556
190.551235,96.127780,23.831551,20.886808
190.785057,95.172449,24.236526,20.867302
190.301313,95.308363,23.755886,21.003571
190.445519,95.515746,24.115332,20.873314
189.967331,95.648540,23.932045,20.943609
190.338005,95.788652,24.140060,20.972895
190.328182,95.475163,24.362892,20.796780
190.418581,95.417595,24.437260,21.147892
189.817471,96.321790,24.317764,21.293940
189.565385,97.884777,24.109571,20.838558
188.297416,98.741697,24.531954,21.094812
188.002340,98.437178,24.602474,20.854721
188.237226,99.116090,24.395880,20.733149
188.791337,99.045064,24.518202,20.768686
187.811175,98.317957,24.699854,20.906380
188.231924,98.753192,24.715969,20.884237
188.483234,98.144816,24.917267,20.740616
188.948848,98.568589,24.812349,20.726330
188.485522,99.089713,24.903849,20.619368
188.817837,98.408966,25.253067,20.565968
188.933434,98.381967,25.069532,20.476290
188.448325,98.649942,25.079569,20.737551
188.414851,98.610882,25.152475,20.585865
188.490563,98.553848,25.167456,20.504965
188.227875,98.921352,24.724464,20.747755
188.616628,98.502069,25.102995,20.537653
188.355995,98.893713,24.854279,20.776367
188.755209,98.349675,25.195782,20.667606
189.088809,98.343738,24.640207,20.602057
188.732950,98.834796,24.471691,20.803350
189.090425,98.456518,24.902266,20.565264
188.811858,98.819191,24.577890,20.920650
188.324681,98.332763,24.589476,20.768057
188.827907,98.660596,24.900293,20.968584
189.014608,98.719109,24.678097,20.785915
188.476971,98.176112,24.979149,20.808350
188.687807,98.215204,24.805706,20.662424
188.299456,98.590852,24.985378,20.820246
188.382547,98.541500,25.132343,20.784756
188.519594,98.570066,25.236752,20.665606
188.749194,98.408557,25.330805,20.827032
188.874017,98.444086,25.671110,20.758913
188.898885,99.071208,25.587835,20.832273
188.638430,98.487729,25.808399,21.077122
187.938130,98.644500,25.900816,20.799223
188.846951,97.924623,26.032087,21.013948
188.351820,99.107224,26.050854,20.929661
189.004663,98.030281,26.140499,20.883205
188.573419,99.231229,26.149916,20.834658
188.140473,98.220527,26.046713,20.884375
188.576776,98.255100,26.444151,20.706434
188.306944,98.157283,26.137829,20.781096
188.858202,98.200301,26.437107,20.671806
188.664637,98.249918,26.022449,20.708496
188.695656,99.055600,26.193825,20.614613
188.660218,98.418051,26.060324,20.763077
188.380418,98.600017,25.844137,20.605169
188.527872,99.314821,25.978382,20.614870
188.652298,98.747725,25.820107,20.738121
188.833447,98.231620,25.842720,20.737661
188.863156,98.958977,25.961805,20.621449
188.997715,98.398816,25.866478,20.698137
189.115925,99.035859,26.026001,20.826038
188.626175,99.149044,26.137222,20.716206
188.222848,98.320869,26.321959,20.682371
188.912663,98.130908,26.375311,20.931211
188.637304,98.300187,26.268124,20.724415
188.356231,98.292479,26.332590,20.879349
188.046038,98.360772,26.523609,20.841831
188.386742,98.997387,26.528877,20.758907
188.140804,98.763286,26.628311,21.083838
188.572899,98.110834,26.688522,21.033632
188.929906,98.485353,26.817778,20.949053
188.418617,98.938924,26.593475,20.938608
188.700465,98.142584,26.945765,21.096779
188.755730,97.918723,27.030548,21.132452
188.911786,99.135731,26.969038,20.854549
188.519069,98.538000,26.814440,20.851326
189.146828,98.757208,26.962982,21.095703
188.363000,98.676533,26.974119,21.009403
188.551250,98.626951,26.925631,20.956514
188.737551,98.470572,26.971310,20.932076
188.822227,98.365632,27.020111,20.920603
189.021526,98.196072,27.144485,20.938259
188.258083,98.081715,27.127991,20.951611
188.482115,98.026163,27.237804,20.812996
188.792284,99.193473,27.361774,20.737425
189.279740,98.027659,27.468023,20.978416
188.265753,98.443136,27.336277,20.957186
188.512993,98.593722,27.482918,20.645409
188.801910,98.521424,27.454475,20.712605
188.327006,98.529786,27.111986,20.756603
188.911834,99.158944,27.722506,20.549603
188.493141,99.215702,27.366745,20.569363
188.515583,98.786239,27.365433,20.456846
188.438995,98.262178,27.297607,20.478891
188.360428,98.751341,27.327667,20.624702
188.393144,98.212145,27.499960,20.603432
188.982180,98.011135,27.583782,20.795048
188.798356,99.283236,27.440763,20.566170
188.337446,98.260102,27.758038,20.696072
189.001862,98.054875,28.006592,20.852825
188.395401,98.828551,27.974617,20.676201
188.583677,98.268484,28.129955,20.734993
188.831217,98.844293,28.326450,20.736086
189.070190,98.261050,28.366669,20.818489
188.868659,98.208147,28.280306,20.908508
188.735387,98.056331,28.175314,21.059385
188.473042,98.011687,28.236771,20.997307
188.204729,98.102257,28.253872,20.791500
188.391013,98.411159,28.386126,20.984068
188.089165,98.123039,28.468124,21.113028
188.304314,98.761015,28.536217,20.838142
187.969428,98.507777,28.627977,20.996895
188.184821,97.855614,29.010576,21.105465
188.530723,98.514705,28.714060,20.841009
188.176127,98.507633,28.747454,20.810881
187.843352,98.436906,28.970514,20.918650
188.180068,98.989486,29.215151,20.817839
188.594211,98.302935,29.469355,21.071693
188.647382,98.410503,28.946814,20.826437
188.025104,98.801981,29.092051,20.895966
188.637598,98.066952,29.380901,21.087948
188.850328,98.123345,29.132801,20.898663
188.575712,98.468710,28.868496,20.963097
188.139449,98.993100,28.949480,20.857571
188.755066,98.268810,29.656937,21.053450
187.979879,98.187960,29.559139,20.910263
188.194123,98.075582,29.466429,20.856684
188.209755,97.886318,29.814934,20.901457
188.763089,99.028241,29.695219,20.665188
187.829312,98.942102,29.823828,20.747637
188.058803,98.883840,29.788538,20.707285
188.261518,98.913072,29.898998,20.646242
188.553134,98.845581,29.976961,20.712849
187.997222,98.846369,29.501238,20.685074
188.735229,98.116774,30.140846,20.940918
188.792059,98.818393,29.525143,20.644423
188.404660,98.076163,30.223127,21.000114
188.450057,98.781605,29.696993,20.751431
188.665727,99.031613,29.934439,20.550022
187.701412,98.940895,30.175575,20.785391
188.524117,98.309253,30.656950,20.820181
188.058613,98.406228,30.297417,20.883837
187.813524,99.060558,30.112461,20.824705
188.475854,98.412936,31.068205,20.968658
187.374076,99.009297,30.445345,20.833172
188.383368,98.507048,31.050816,20.679550
188.142955,98.344920,30.454615,21.009644
188.579036,98.472348,30.925249,20.813976
188.165867,98.443469,30.843681,20.852835
187.669319,98.494986,31.009926,20.798340
188.421010,98.127095,31.419882,21.172428
188.133584,98.085863,31.103086,21.051554
188.389194,98.572124,30.804720,20.893896
187.933180,98.480680,31.020161,20.986696
188.323043,98.996289,30.967226,20.815029
188.095336,98.914411,31.035677,20.871729
187.890009,98.809237,31.250538,20.917343
188.394211,97.831805,31.838310,21.335648
188.049225,98.446525,30.936653,20.856054
187.822286,98.331625,31.369566,20.907219
188.388034,98.751701,31.138849,20.958944
188.961202,97.992507,31.564657,21.048063
188.008331,98.276146,31.024719,20.572063
187.915882,98.018700,31.556877,20.880039
188.592906,98.451126,31.127611,20.888784
188.385297,98.563647,31.445517,20.695564
187.569445,98.956600,31.461224,20.692770
188.087461,98.364978,31.866636,20.707029
187.446114,98.893144,31.743225,20.622721
187.850574,98.331371,32.175346,20.605047
188.533168,98.871172,31.778559,20.628609
187.898458,98.317549,32.199039,20.647026
188.064571,98.217756,32.171173,20.838427
188.069492,98.369410,32.358559,20.666168
188.216990,98.383962,32.254307,20.703524
188.288742,98.435602,32.307396,20.674402
188.292017,98.270258,32.782413,20.804680
187.921036,98.627715,32.311508,20.785652
188.003309,98.484694,32.363171,20.841637
188.011650,98.346717,32.543236,20.897787
187.382286,98.859888,32.225571,20.634659
188.513634,98.627895,32.794716,20.944159
188.258516,98.059582,32.698406,20.673336
187.625168,98.823094,32.129929,20.830318
187.560703,98.640232,32.626060,20.741558
188.657360,97.603175,32.867355,21.084930
188.020508,98.415819,32.507011,21.019617
187.556248,98.810308,32.884987,20.739237
188.753078,97.518392,33.475967,21.361124
188.194618,97.929664,32.557335,20.945692
188.017410,98.211031,33.024460,20.893852
187.616215,98.036182,32.834793,20.866140
187.582838,98.216751,33.252552,20.953665
188.468246,97.918798,33.423439,20.993296
188.256664,98.641722,32.866829,21.106285
187.690546,98.675571,33.055119,20.772779
187.671671,97.786499,33.656742,20.906925
187.990931,98.225621,33.326000,20.805088
187.521141,98.161378,33.525711,20.720331
188.502272,97.935105,33.683849,20.864147
187.780039,98.203056,33.355938,20.925276
188.286676,97.979627,34.020748,20.939150
187.492023,98.301617,33.533096,20.908588
188.075871,97.822777,34.109344,21.188877
187.695635,98.806137,33.836445,20.889057
187.766699,97.984431,34.597256,20.994102
187.643425,98.737481,33.679436,21.037334
187.816305,98.092283,34.487194,20.843828
187.598629,98.011443,34.391747,20.810036
187.461731,98.801049,33.629997,20.953213
187.358253,98.221636,34.628792,20.710091
187.097639,98.076825,34.546963,20.803173
188.199726,98.786507,34.140907,21.003780
187.784750,98.718460,34.668888,20.854452
187.622150,98.798565,34.751564,20.627567
187.525723,98.562848,34.602905,20.723665
187.659048,98.290915,34.563931,20.693489
188.068220,98.365608,34.620708,20.693060
188.227060,98.061467,34.533382,20.669437
187.976425,98.210122,33.967476,20.720003
188.335236,98.365483,34.450890,20.677464
188.268353,98.533728,33.663269,20.768906
188.170794,98.302507,34.353374,20.553812
188.041039,98.529341,33.701996,20.483467
187.929567,98.292262,34.490322,20.486578
187.983149,98.404219,33.582890,20.641907
187.924242,98.138951,34.362774,20.599735
187.794544,98.388184,33.730690,20.555332
187.836803,98.159809,34.344841,20.600224
187.717218,98.343746,33.976009,20.738691
188.298592,98.618780,34.564095,20.717066
187.819006,98.440562,34.358791,20.702194
188.556074,98.781113,34.740795,20.583424
188.505978,98.017576,35.004822,20.668467
187.799770,98.664550,34.555260,20.919302
187.959705,98.673629,35.389343,20.731413
188.060484,97.928853,35.410885,20.825884
188.107748,98.125453,34.874821,20.978941
187.896461,98.377633,35.062378,20.991037
187.806026,98.459589,35.222916,21.144302
188.148849,98.314247,35.602928,21.061720
188.058508,98.213155,35.227985,20.808771
187.936825,98.318871,35.544930,21.049999
187.597183,98.407668,35.057961,20.696226
187.869255,98.104024,35.809853,20.940729
187.814758,98.056897,35.163757,20.799427
187.745781,98.212398,35.520805,20.962996
187.648254,98.211213,35.164497,20.716740
188.251837,97.836562,35.584042,21.009369
188.045567,98.480257,34.800461,21.030174
187.949152,98.629784,35.570652,20.984951
187.842638,98.411071,35.442883,20.818319
188.271090,98.457484,35.297634,21.090202
188.256508,98.289490,35.208733,20.771801
188.354778,98.289187,35.674660,20.942360
188.342796,98.052053,35.619026,20.730059
187.960886,97.978963,35.027943,21.113008
188.104670,98.186932,35.510906,21.034214
188.310974,98.117407,35.424591,20.635567
187.960852,98.077866,35.269848,21.056019
187.888845,97.930784,35.734211,20.796633
188.151896,98.554528,35.496296,20.962856
188.161730,98.466603,36.040028,20.743862
188.433292,98.325824,35.859337,20.682905
188.188414,98.326499,35.587749,21.072340
188.315338,98.203555,35.888962,20.762426
188.753847,98.102045,36.091618,20.621498
188.026516,98.548355,35.346344,21.123579
187.977236,98.576692,36.313969,20.637041
188.376093,98.450574,36.361691,20.543726
187.933533,98.285708,35.728546,20.548004
188.535864,98.494417,36.066319,20.630854
187.975163,98.308774,35.880875,20.637560
188.815310,98.486792,35.809025,20.656311
188.556004,98.659141,35.852379,20.740225
188.767210,98.549162,36.095547,20.505211
189.083990,98.678886,35.759968,20.795904
188.701046,98.681394,35.626205,20.419497
188.264141,98.654038,35.777649,20.264713
188.685829,98.260125,36.024330,20.554157
189.108603,98.390970,35.562588,20.805368
189.228167,98.595986,35.846638,20.789227
189.094782,98.502160,35.739941,20.581821
189.158724,98.431079,36.075474,20.985388
188.420673,98.551048,35.516212,20.938070
188.566704,98.149792,36.434509,20.644917
188.495428,98.355156,35.670742,20.959522
188.957012,97.835860,36.537964,20.996147
187.713617,97.543697,36.005955,20.677694
188.668613,95.846172,36.690567,20.539259
189.570368,95.935490,36.337780,20.747379
189.951298,96.053230,36.415649,20.536367
190.007284,96.320941,36.159489,20.962576
189.124887,97.252529,36.140766,20.349585
189.076332,98.634651,35.778847,20.618483
189.908943,99.516186,36.385513,20.986507
189.173597,98.622007,36.985874,20.761057
189.221834,100.222432,35.708767,21.373470
187.700787,101.160939,36.319878,20.719830
188.288420,98.996173,36.920231,20.749388
189.500582,99.175057,36.601025,20.664310
189.264982,100.149059,36.746601,20.395475
188.079857,100.420693,36.536430,20.608303
188.641861,100.033074,36.873840,20.455051
188.838879,100.450591,36.681313,20.873899
188.442112,100.722278,36.529213,20.831648
188.751429,99.934424,37.093975,20.668861
188.510345,99.893507,36.815826,20.991180
188.655502,100.456034,36.843681,20.954407
188.605572,100.056795,37.194351,20.820383
188.860630,100.593880,36.822464,20.868816
188.326736,99.478860,37.202728,20.824160
188.523579,99.920366,37.065956,20.914072
188.895350,100.446392,36.804363,20.937031
188.809010,100.048699,37.297241,20.672703
189.225965,100.466110,36.854275,20.777922
