220.800000,104.800000,16.000000,4.800000
221.223004,105.219342,15.687298,10.000000
221.380678,105.069152,15.725623,10.000000
221.859270,105.237615,15.916475,10.000000
223.028897,105.449992,15.766335,10.000000
223.525579,105.654397,16.038809,10.000000
223.877498,105.706650,15.874018,10.000000
224.405351,105.945894,16.133631,10.000000
224.716432,106.172533,15.964934,10.000000
225.490630,105.230532,15.884913,10.000000
225.887204,105.334089,15.840669,10.000000
226.917532,105.652624,15.893197,10.000000
227.530681,105.905306,15.898532,10.000000
227.828178,106.111895,15.731989,10.000000
228.794507,105.010995,15.809231,10.000000
229.354158,105.022596,15.691421,10.000000
229.644718,105.022408,15.481149,10.000000
230.968344,105.442074,15.726805,10.000000
231.473610,105.383729,15.678731,10.000000
231.681329,105.442757,15.679095,10.000000
232.056845,105.905258,16.375776,10.000000
232.708772,105.828910,15.755103,10.000000
233.571123,105.987086,16.036688,10.000000
234.155951,106.146381,16.321892,10.000000
234.994680,105.553969,15.815406,10.000000
235.332444,105.746724,15.816460,10.000000
235.607872,105.810253,15.352933,10.000000
236.246349,105.459454,15.444025,10.000000
235.986368,105.918971,15.544343,10.000000
233.324797,105.443172,15.470025,10.000000
230.290778,106.406198,15.962151,10.000000
227.730524,106.042426,15.572961,10.000000
225.511973,106.428604,15.986535,10.000000
224.270252,106.336008,15.688563,10.000000
221.756885,106.259101,15.909285,10.000000
221.423837,106.637973,15.298399,10.000000
219.429207,106.499683,15.555448,10.000000
216.690828,107.002477,15.959491,10.000000
215.422645,106.263593,15.558702,10.000000
214.064885,106.740039,15.938300,10.000000
210.848781,106.628849,15.906530,10.000000
211.223164,106.894944,16.233704,10.000000
210.992829,107.355093,15.771031,10.000000
211.913769,106.406936,15.628969,10.000000
211.041024,106.624334,15.614812,10.000000
209.498742,106.578953,15.734310,10.000000
209.008349,106.857756,15.623345,10.000000
208.770303,106.911865,15.605442,10.000000
207.067185,106.988964,15.653184,10.000000
206.274683,107.289791,15.588209,10.000000
203.129282,107.249515,15.652048,10.000000
201.522714,106.904235,15.314704,10.000000
198.048542,107.043146,15.643942,10.000000
197.320101,106.815781,15.451310,10.000000
195.920609,106.937774,15.533200,10.000000
193.225270,107.283024,15.807266,10.000000
191.586631,107.364124,15.366093,10.000000
191.252217,107.826258,15.873593,10.000000
190.136468,107.841371,15.854294,10.000000
189.030072,107.801317,15.977710,10.000000
187.477107,107.970521,15.701397,10.000000
185.603208,108.153288,15.674459,10.000000
183.189065,106.879618,15.786648,10.000000
181.010477,107.642755,15.613008,10.000000
180.742672,107.234655,15.697839,10.000000
181.783062,107.516982,15.481302,10.000000
181.692789,106.970355,15.565541,10.000000
182.320038,107.445357,15.576357,10.000000
180.749488,108.248267,15.512511,10.000000
179.840531,108.350110,15.246727,10.000000
179.042518,108.584226,15.665420,10.000000
177.441928,108.508094,15.615638,10.000000
175.506564,107.559488,15.498116,10.000000
172.924967,107.760259,15.809263,10.000000
171.492217,108.654934,15.500800,10.000000
169.233118,108.177111,15.540269,10.000000
165.840251,108.683333,15.351134,10.000000
162.446628,108.719228,15.325950,10.000000
158.527308,108.818264,15.233739,10.000000
154.751940,108.771043,15.164868,10.000000
151.362682,108.651501,15.340453,10.000000
148.414726,108.483975,15.677115,10.000000
148.686277,109.135533,16.229807,10.000000
150.188766,108.727229,15.541338,10.000000
150.458162,108.676884,15.747470,10.000000
151.050968,108.978845,15.591906,10.000000
151.712511,108.891817,15.642808,10.000000
152.313994,109.038132,15.897213,10.000000
152.861782,108.118319,15.398508,10.000000
152.907822,108.784473,15.881803,10.000000
154.390578,108.958454,15.686428,10.000000
154.451144,109.039118,15.848755,10.000000
155.216954,108.078293,15.674817,10.000000
155.512448,108.079282,15.655766,10.000000
156.298252,107.981370,15.809473,10.000000
156.652474,108.873225,16.044746,10.000000
158.526772,109.135778,15.212857,10.000000
158.874678,108.936467,15.233723,10.000000
159.413647,108.406504,15.730280,10.000000
159.455196,107.968447,16.310389,10.000000
162.958999,107.396807,22.585543,10.000000
162.993890,108.012178,17.301197,10.000000
163.946288,107.624113,18.121742,10.000000
165.346079,107.506777,16.412935,10.000000
165.066846,107.825989,15.979766,10.000000
165.885139,108.663421,14.894053,10.000000
166.321244,108.588849,16.486187,10.000000
167.092818,107.990174,15.362855,10.000000
167.787014,108.283453,17.773310,10.000000
168.338379,108.511468,21.579378,10.000000
169.557149,108.125420,23.631737,10.000000
170.729769,109.478556,29.314245,14.061070
170.863913,109.169259,29.539639,14.667304
170.130473,109.336649,29.624607,14.345121
171.156786,109.613736,29.541121,14.742484
170.432205,110.123767,29.586077,14.139788
170.925198,108.820829,29.096367,15.239568
170.363430,109.065498,29.213022,15.166909
171.124995,108.785099,29.220432,15.128686
170.838841,108.524508,29.621002,14.970547
170.512638,109.304030,29.658068,14.416080
170.120290,109.600158,29.509842,14.414111
170.928884,110.161767,29.273321,14.049422
169.439313,110.184416,30.095108,14.246472
170.604699,110.398071,29.567131,13.432848
170.064318,109.635214,29.961920,15.279743
169.980231,111.608327,30.280354,12.977516
169.878752,110.164205,30.342321,14.847479
169.274386,110.183733,30.282024,14.591573
170.232679,109.666234,30.266676,14.416077
170.033966,110.508322,30.786760,14.161092
170.271641,109.812156,30.702127,14.575113
170.467390,109.644343,30.643278,13.963558
169.802354,109.257776,31.011086,15.099913
169.583157,110.104617,30.777740,14.679004
169.870971,109.354344,30.521969,15.348647
169.979141,108.512562,30.450930,15.132676
170.266045,108.856777,31.006622,15.533959
169.833252,109.021555,30.793818,14.881536
170.240355,109.844973,30.933270,14.852773
170.015110,110.786233,30.609835,13.757971
170.189899,110.346389,30.639254,13.841501
170.779157,108.924068,30.619833,14.776065
170.528745,111.263903,29.899130,13.346012
171.291660,110.157125,31.158335,13.693365
171.018278,107.975683,31.568769,14.904577
171.453664,107.977313,32.369797,14.471591
171.223414,108.026226,33.159748,15.539232
171.066768,109.470528,32.351452,14.994576
170.242047,109.684163,33.858498,14.885185
170.442838,109.185232,33.335419,14.001706
170.143764,109.171494,30.944109,14.502098
170.791278,110.024527,30.777645,13.853894
171.706421,108.696705,31.506403,14.134682
170.404795,110.573367,30.481747,13.629405
170.727004,109.669824,32.822788,14.248487
169.944166,109.733217,31.989027,14.639951
170.326970,111.121239,31.641060,13.568810
171.816821,109.120968,32.830982,13.891435
170.027932,110.336096,31.240326,14.390903
170.978457,108.222223,34.246021,14.405393
172.555515,110.807900,29.060747,13.079820
169.925971,111.024867,32.002743,13.803172
170.567609,110.786205,32.589279,13.801500
169.288836,111.335699,32.806385,13.770155
168.597075,112.125492,32.553547,13.055170
170.851554,111.073056,32.362476,14.114303
169.576250,111.363804,31.575010,13.003625
169.398675,111.454930,32.890984,13.364554
168.808911,111.760216,32.307457,12.990952
169.419491,112.340972,31.862169,13.087550
170.119291,112.259944,31.380407,12.463749
168.829804,111.248115,32.870117,14.397197
169.580472,110.503043,34.383339,14.688946
169.834453,110.871856,31.288271,13.488848
170.358250,111.531798,30.618942,13.030132
172.024221,109.911006,29.865644,13.962001
170.907878,109.522379,31.540112,14.217207
170.392207,111.758056,30.986675,12.786715
170.472188,110.855110,30.749954,13.497697
170.028872,111.072806,30.798817,12.979939
171.567576,110.640103,29.987247,12.974640
171.302981,110.813980,29.490520,12.801638
170.786444,111.768394,30.574528,12.695902
170.665566,111.660806,30.154869,12.245528
171.539168,111.134431,30.079639,13.243392
170.867922,111.044708,29.687445,12.743768
170.450516,111.119141,30.375521,13.296471
170.883252,109.130991,31.320335,15.399777
170.100682,110.057434,31.146019,13.823335
170.747171,111.607330,31.118452,12.792642
170.692293,111.517476,31.009214,12.731811
170.705975,111.610104,31.177177,12.433587
170.518022,112.131974,31.015371,12.223441
170.325369,112.465746,31.414312,11.894407
170.205684,112.612135,31.535252,11.949085
170.937126,112.376686,31.039324,11.522790
170.968978,111.945487,30.808704,12.499172
170.472359,111.712111,31.044182,12.681126
170.138571,112.023777,31.480284,12.741624
170.656897,112.553409,31.728458,12.352031
170.013760,112.081841,31.177315,12.280563
169.946837,112.544915,32.276989,11.646645
170.112279,112.295793,32.072380,12.235548
170.668510,111.864377,31.542208,12.688156
170.139464,112.003833,32.307003,12.115389
171.126615,111.597159,31.178915,12.536702
170.169894,111.688926,31.955036,12.303592
170.553561,111.803925,31.871372,12.573135
170.811411,111.708957,31.663473,12.191005
170.208430,112.520647,32.141308,12.157636
171.033868,111.871446,31.519417,11.980040
170.318173,111.825511,31.701462,12.305531
171.025308,112.175797,31.169226,12.039207
170.460002,111.942451,31.516064,12.433969
170.972446,112.360877,31.064684,12.089176
170.381005,112.315844,31.055504,12.256802
171.265809,112.474567,31.009377,11.784945
170.856111,112.318725,31.228651,11.833841
170.339186,112.301448,31.300581,11.846560
170.381519,112.814437,31.170916,11.826700
171.414391,113.208109,30.659660,11.350208
170.935552,112.810472,30.895918,11.951880
170.818765,112.594336,30.697744,11.965528
170.631203,112.217277,30.657503,12.026515
171.304086,112.101451,30.873566,11.946078
171.028477,111.779705,31.048836,12.009942
170.379102,111.717699,31.194122,12.157155
170.701182,112.188719,31.438473,11.731655
170.809947,112.096805,31.636234,11.633997
170.851105,112.743045,31.625460,11.856913
170.675883,111.717863,31.740231,12.272481
170.822681,112.934674,31.797472,11.598517
170.679683,112.407915,32.121647,12.151342
170.182339,112.316736,32.145638,12.432951
171.064734,111.950042,31.877827,12.203203
170.311116,111.836684,32.011986,12.228282
171.231520,112.226167,32.153988,12.323485
171.554319,112.356478,31.821424,12.378277
171.519519,112.287372,31.923115,11.894831
171.363810,112.193662,32.001064,12.369337
171.452740,112.245108,31.705086,12.594341
171.871164,112.011461,31.404066,11.958265
170.961093,111.845554,31.635174,12.412317
171.006321,111.848800,31.557962,12.439508
171.089250,112.139863,31.541777,12.182441
171.864909,112.153898,31.502972,11.852460
170.778199,112.078404,31.578590,12.226472
171.373194,111.900719,31.341429,11.951447
171.125747,111.884986,31.354525,12.177608
171.375694,114.055350,31.436190,10.825794
171.461639,113.337170,31.151140,11.546906
171.381850,113.005960,31.294964,11.693900
170.795865,112.892474,31.292267,11.751712
170.799877,112.907067,31.522493,11.691612
171.138552,112.731855,31.201252,11.872381
171.269256,112.689199,31.443979,11.758436
171.568006,112.311500,31.372984,11.981806
171.295467,112.312744,31.467974,12.122582
170.719781,111.866908,31.303886,12.330265
170.913918,111.754351,31.577065,12.076328
171.126015,111.473896,31.685928,13.058336
171.127674,111.680456,31.573763,12.466443
170.772132,111.950758,31.499599,12.235098
170.843741,111.731398,32.026798,12.194508
170.861265,111.440218,31.581099,12.646864
170.790418,111.748548,31.458609,12.341978
171.796658,110.939482,31.113152,12.487569
171.441891,110.914433,31.855873,12.237778
170.965324,110.929637,31.785601,12.149403
171.882084,111.285558,31.764360,11.641714
171.921589,110.045307,31.215769,12.394250
171.376765,110.726109,31.457355,12.391381
171.161782,111.001985,31.205498,12.823150
171.801448,112.097747,31.164883,11.770464
171.593966,111.946735,31.324718,11.879061
172.199424,111.395697,31.062534,11.914807
172.062727,111.092034,31.129446,12.107803
171.508912,111.285817,31.103668,12.395736
171.164305,111.571887,31.362661,12.054523
171.514050,111.754925,31.547470,11.769539
171.995965,112.018579,31.625252,11.678557
171.785201,112.287283,31.240070,12.007023
171.964546,112.558160,31.578516,11.765638
171.371120,111.508497,31.296938,12.643521
171.950783,111.413149,31.138041,12.353658
171.363631,112.295590,31.821178,11.836502
171.801932,112.516517,31.674343,11.666811
171.746485,111.292408,31.160582,12.447122
171.063683,112.117498,31.862411,12.030515
172.274264,111.795621,31.611408,12.065048
170.912770,112.149158,31.774033,12.261408
172.307858,112.127467,31.393806,11.785915
171.742533,111.113377,30.900341,12.086861
171.741936,112.471649,31.650469,11.537317
172.418077,111.130775,30.758451,12.534868
171.826402,112.153755,31.514099,11.854883
171.403793,112.270658,31.585070,11.799216
172.380688,112.324276,31.262329,11.797830
171.747833,111.710047,31.070848,12.055973
172.708298,111.442153,31.271080,12.371014
172.062875,111.414010,31.147545,12.739783
172.296477,111.270476,30.892269,12.557346
172.840679,111.766190,30.979410,12.327088
172.107137,111.879013,31.235296,12.632921
173.119793,111.584189,30.594423,12.335194
173.382099,111.375557,30.982950,12.134820
172.084589,112.315365,31.294165,12.170967
173.435283,111.903471,30.679773,12.017088
172.407034,112.089504,31.706724,11.953379
172.897458,112.352014,31.466393,11.595877
172.193919,112.144642,31.648785,11.709938
172.589947,112.019097,31.319300,12.047623
172.646816,112.049519,31.276369,11.633569
172.064858,112.632062,31.279198,11.837325
172.455075,111.944086,31.224144,12.181142
171.860135,111.303752,31.147606,12.258662
172.228783,112.027196,30.983101,11.964735
172.381736,111.897151,30.711758,12.112995
172.664033,111.706200,30.547539,12.006989
173.022272,112.232473,30.673338,11.561758
173.095965,111.890855,30.528271,11.946722
172.330570,112.368406,30.816996,11.427160
172.424234,111.683644,30.570517,11.826103
173.020825,112.294779,30.803146,11.672573
174.533802,111.415042,29.531847,11.826044
173.138655,110.066718,30.508862,12.492138
172.714443,111.275775,30.976892,12.141796
172.976458,111.916835,31.047230,12.197023
172.254750,112.163004,31.685638,11.931433
173.336941,111.967094,31.097902,11.946856
172.663683,111.707673,31.239828,12.497832
173.162417,111.573321,31.214939,12.587581
173.355679,111.234193,30.627396,12.396964
172.358914,111.555676,31.270508,12.249611
173.934393,110.821495,31.292036,12.517145
173.409484,110.198505,30.741810,12.700144
172.327261,109.963136,31.447706,12.741308
172.685187,109.761589,31.581600,11.912706
177.307860,109.128974,27.915592,11.796307
172.154444,110.517483,31.660917,12.210983
172.903545,112.386686,31.751451,11.377020
173.149138,111.428528,31.175777,12.255028
172.568552,111.844499,31.830229,12.190459
172.127654,112.501563,31.830051,12.121966
172.036443,112.353342,31.498604,11.736196
172.684911,111.318130,31.310478,12.051310
172.362077,111.631790,31.804062,12.197824
171.796869,111.718381,31.573423,12.237716
172.034099,112.155474,31.640978,11.939686
173.235161,111.826159,30.600512,12.038921
172.195306,112.154070,31.557037,12.073772
172.737778,112.225272,31.495842,11.799266
174.269409,112.340992,30.189608,11.846491
172.458847,112.518108,31.726519,12.047556
172.253139,112.341150,31.471170,12.059988
172.257348,112.652718,31.695587,11.894952
173.005896,112.380420,31.223034,11.865718
172.590631,112.571259,31.313971,11.852159
172.721859,112.953872,31.420717,12.258746
172.497994,112.085910,31.259605,12.072245
173.197645,112.362707,30.982603,12.315069
173.333167,112.414524,31.162632,12.402627
173.602602,112.591278,31.195532,12.169045
173.625543,112.291722,30.972174,12.169083
173.274030,112.165317,30.928434,12.923708
173.480446,112.160741,30.774965,12.063177
173.036342,112.604885,31.291574,12.298868
173.691400,113.068904,31.083761,12.118365
173.914938,112.869042,30.949652,12.199243
174.605973,112.661572,30.873627,12.031220
174.521193,111.663564,30.397655,12.400351
172.916131,111.366053,31.432129,12.732274
173.656041,112.224633,31.015305,12.184600
173.470733,112.403078,31.271517,12.123128
173.286665,111.918034,31.328497,12.911102
173.954017,113.240726,31.404100,11.790636
173.932458,111.438371,30.985123,12.716254
173.835089,111.741187,31.179867,12.284579
172.143407,112.528885,31.475548,12.779465
173.592992,113.672286,31.306625,11.788386
174.498296,112.350102,29.264526,12.468620
171.392489,112.219302,31.710598,12.599773
172.777624,112.571931,31.042349,12.017318
171.865681,111.520163,31.379808,12.581425
171.039484,111.834149,31.351126,12.505393
170.722667,112.667173,31.765598,12.420354
170.851687,112.646021,31.425632,12.234448
164.389903,113.267984,31.686321,12.180303
155.662787,113.101082,31.095417,11.935707
145.383415,112.919458,31.663225,12.276503
136.484531,113.476502,31.707716,11.751884
130.473598,114.018352,31.769285,12.233020
125.297033,113.750964,31.656527,12.177418
120.065727,113.789462,31.682074,12.612705
116.134544,113.780018,31.103392,12.673516
110.698743,114.038432,31.136791,12.292911
104.807970,113.640699,31.287867,12.773229
101.008406,113.987767,31.103554,12.810074
97.456992,114.095908,30.909355,13.370304
