344.200000,161.000000,19.200000,8.800000
342.403182,161.254183,18.282360,10.000000
340.254174,160.720973,18.530373,10.000000
337.581080,161.263425,18.586884,10.000000
336.253417,160.830860,17.505043,10.000000
332.338266,161.430970,18.210283,10.000000
331.100858,161.584550,17.767038,10.000000
327.070500,161.040743,18.874607,10.000000
325.057983,161.265785,18.031679,10.000000
323.371821,161.930906,16.903572,10.000000
320.749064,161.818909,17.616100,10.000000
318.275258,161.132751,16.810303,10.000000
315.607722,161.658235,17.304436,10.000000
313.208280,161.490805,17.515200,10.000000
311.896632,161.228165,17.268406,10.000000
307.739632,161.137935,18.270092,10.000000
306.790817,161.067756,17.163206,10.000000
304.135384,161.154867,17.159199,10.000000
302.158115,161.191645,18.567362,10.000000
299.781982,161.211573,16.822668,10.000000
297.826851,161.980209,16.204420,10.000000
295.591878,162.149337,16.665295,10.000000
293.228649,161.802089,16.394194,10.000000
291.454606,161.553248,16.351963,10.000000
288.611932,161.203831,15.688175,10.000000
286.695194,161.224496,15.883451,10.000000
284.848491,161.425646,16.054577,10.000000
282.890282,161.698324,16.599316,10.000000
280.734520,161.482658,16.951624,10.000000
278.238121,161.926160,17.393248,10.000000
276.641008,162.550569,16.979315,10.000000
273.868650,162.446147,16.042578,10.000000
272.839212,162.489239,16.003149,10.000000
270.885735,162.628628,15.350106,10.000000
268.293327,162.368587,15.434058,10.000000
266.925414,163.342225,15.838523,10.000000
265.677462,162.721802,16.007023,10.000000
263.646543,163.184256,16.139090,10.000000
261.890800,162.692807,16.343267,10.000000
259.916157,162.822788,16.432253,10.000000
258.344071,162.471691,16.279034,10.000000
257.026743,163.291939,16.005457,10.000000
254.436761,162.594051,15.648090,10.000000
252.853276,162.891278,16.260410,10.000000
251.595652,162.755164,15.867742,10.000000
250.107385,163.046594,15.498847,10.000000
248.975529,162.779079,15.149715,10.000000
246.725493,162.452462,15.459588,10.000000
245.558880,163.470644,15.743120,10.000000
243.279928,163.210087,15.666886,10.000000
242.255822,163.467178,13.661022,10.000000
240.741050,163.820436,12.861233,10.000000
239.857935,163.577105,13.329588,10.000000
239.045821,163.918544,12.456047,10.000000
237.459778,164.300810,11.857877,10.000000
237.084330,164.242947,13.197273,10.000000
235.601635,164.173576,14.316514,10.000000
234.661413,164.138489,14.449148,10.000000
234.258845,163.551417,14.809101,10.000000
232.702294,164.077188,15.857766,10.000000
231.731413,163.654718,15.987871,10.000000
230.894830,163.952001,15.046222,10.000000
229.825945,163.641583,15.345761,10.000000
228.746711,163.175306,15.263358,10.000000
227.467103,163.918336,13.620750,10.000000
226.136162,163.861470,14.704966,10.000000
225.506267,164.013578,14.191081,10.000000
223.981046,163.790884,13.179277,10.000000
223.239705,163.497995,11.510159,10.000000
223.179563,163.745309,11.111631,10.000000
222.329733,163.976807,10.943136,10.000000
221.138156,163.660229,11.238044,10.000000
220.888541,163.593619,11.167382,10.000000
220.029721,163.474125,10.966549,10.000000
219.009655,163.744342,11.265238,10.000000
219.289289,163.563349,10.540862,10.000000
218.323760,163.107191,10.302235,10.000000
218.212209,162.834471,10.224049,10.000000
217.872877,163.563703,10.267522,10.000000
216.925834,163.256709,10.000000,10.000000
217.204329,163.157695,10.000000,10.000000
216.994084,163.005866,10.000000,10.000000
216.365091,162.662092,10.000000,10.000000
216.657406,162.371916,10.000000,10.000000
215.526020,163.183076,10.000000,10.000000
215.001765,162.808641,10.000000,10.000000
215.066659,162.445914,10.000000,10.000000
214.856755,163.184065,10.000000,10.000000
213.482127,162.899345,10.122850,10.000000
214.485910,163.372457,10.000000,10.000000
214.622398,163.025615,10.000000,10.000000
212.731762,162.192575,11.397680,10.000000
210.253495,158.583004,14.986311,12.811529
201.582135,152.280765,22.169714,13.646724
181.764899,155.336840,16.527014,10.000000
182.658531,155.778876,16.136885,10.000000
182.961080,155.884824,16.015461,10.000000
183.220860,155.995781,16.118132,10.000000
182.480685,155.968837,16.032713,10.000000
182.701680,156.047202,16.019716,10.000000
