208.400000,118.600000,24.200000,26.800000
207.860479,116.366550,24.103245,26.407158
208.147123,114.116240,23.877895,26.223331
206.041812,111.214269,24.437181,26.386641
206.377111,109.515374,23.928753,25.428686
204.524600,105.946710,24.288530,26.068571
205.317331,106.363264,24.022808,25.396511
205.481334,105.608508,23.830797,24.716776
205.933791,104.249075,23.763002,25.005444
204.471525,101.427862,23.963276,25.555180
204.805301,100.673919,23.843386,24.561655
204.952109,100.119996,23.682772,24.288000
204.387453,99.078341,23.757099,24.175707
205.479038,99.726635,23.723709,24.328323
205.398212,99.759555,23.758942,23.928675
206.065818,97.430376,23.573252,24.414150
205.530940,96.472685,23.775072,23.445873
207.378721,97.151190,23.212597,23.990665
209.621126,99.141849,23.252148,23.821207
208.888758,98.378477,23.498119,23.114941
207.824446,96.223500,23.528645,23.238028
208.744417,95.857636,23.026455,23.089247
209.760002,96.089026,23.159760,23.206377
209.911345,95.721807,23.207363,22.676952
210.984749,96.370008,22.811150,23.059162
212.622536,96.839649,22.852852,22.610069
210.754113,95.355338,23.044943,22.622210
211.709428,95.518883,23.026648,22.402390
210.377086,95.748485,23.127962,21.885447
209.419456,92.807752,23.122026,22.397444
209.192752,92.951703,22.931238,21.727377
208.758986,92.133153,22.791430,21.512678
208.032530,92.589493,22.909100,21.641769
208.528572,91.813909,22.445335,21.278814
206.824507,91.073664,22.643887,21.369465
207.597811,91.758375,22.455074,21.325161
206.818893,92.085334,22.341415,21.148005
206.911893,91.108146,22.099531,20.622339
206.163489,91.952914,22.341127,20.728662
206.778770,92.439820,21.986717,20.539030
205.566826,91.187949,22.241508,20.544283
204.891988,90.977736,22.201254,20.069508
205.837028,91.842224,21.855814,20.279114
205.409453,93.006276,21.916765,19.982870
204.770418,91.966026,21.780239,19.966125
204.057134,91.757579,21.888014,19.831224
203.586493,90.659589,21.588398,19.625166
203.872313,90.679251,21.457760,19.581409
203.355781,91.929749,21.677561,19.762877
203.792529,91.726852,21.374643,19.363724
203.914774,91.208497,21.009281,19.296499
203.746252,91.987712,21.193249,19.385775
204.615482,91.819381,20.741806,18.911364
204.133172,91.967922,20.823782,18.808685
205.036102,94.646097,20.530487,19.066059
206.292513,96.779135,20.332798,19.385921
206.666606,99.985031,20.496264,18.754829
206.346754,99.563315,20.326473,18.389269
204.820054,99.936048,20.425467,18.631628
203.181649,98.413229,20.382101,18.560123
202.585159,96.888267,20.548347,18.409464
200.562344,95.229981,20.227638,18.475546
198.879845,93.770334,20.268959,18.285351
198.176609,92.816507,20.318626,18.163540
199.105489,95.545424,19.908430,18.176403
198.488288,96.599052,20.307108,18.194321
199.096333,97.626441,20.146461,17.805605
198.319539,96.795828,20.093992,17.550098
197.899704,96.955852,20.046211,17.525576
197.404192,97.788702,19.991772,17.460110
196.458201,97.621860,19.776209,17.492449
195.302381,97.318130,19.850332,17.004700
194.767321,96.884576,19.648243,16.931776
193.868170,96.582869,19.573040,17.344501
192.566112,96.666672,19.641336,16.983002
193.310436,97.752254,19.548111,16.901041
192.631804,99.127543,19.873499,17.087595
193.504088,102.203655,19.426989,16.967247
193.111694,101.842190,19.447716,16.516876
192.182272,100.130873,19.305721,17.025494
192.223821,99.959849,19.313284,16.358576
191.001143,99.198343,19.217012,16.396626
189.996689,98.115388,19.128479,16.439001
189.897735,96.587211,18.887941,16.500071
189.881381,97.771628,18.966234,16.166269
189.622880,97.144697,18.682188,16.193478
189.049808,96.241961,18.834635,16.071657
188.920859,95.658580,18.588282,15.781533
189.673652,99.448404,18.948000,15.655682
189.819944,100.121989,18.591228,15.545450
189.830520,99.989731,18.229639,15.617043
191.249613,101.033634,17.921558,15.514215
191.097759,101.773003,18.003822,15.882102
191.875546,102.448205,17.661924,15.342399
191.747990,103.905403,17.732719,15.874672
192.183484,105.405612,17.539434,15.616579
192.583073,104.240337,17.532326,15.557655
191.545087,102.960183,17.233778,15.720289
191.411518,103.340741,17.197929,14.787391
190.474500,101.858425,17.165564,15.344598
189.199222,100.789904,17.173113,15.518532
189.032876,99.882722,17.066801,15.177823
189.113428,100.512286,17.314747,15.408832
188.734995,101.483220,17.365093,14.904593
188.961715,101.998836,17.194345,15.034608
191.168211,107.458674,17.178074,15.268992
190.779795,106.467533,17.230762,14.898911
189.826190,107.001336,17.047785,14.587225
190.270628,107.984931,17.128422,14.620563
189.775440,107.932214,16.967911,14.732823
190.450518,109.906843,16.937115,14.305684
190.894923,111.239486,17.060526,14.303376
190.027361,111.366115,16.826546,14.242787
190.212416,111.798116,17.039120,14.299147
189.107312,109.888260,16.892347,15.050213
187.452237,108.516245,16.908022,14.742354
186.797233,106.714861,17.089022,14.555374
186.746586,105.609921,16.867710,14.536895
185.728050,105.855290,16.765770,14.051603
185.155323,104.331978,16.875610,14.326920
185.582806,105.453638,16.588562,13.743900
185.778850,105.515347,16.568480,13.906260
184.858177,105.683785,16.352596,14.044177
184.221545,105.763810,16.405924,13.653078
184.730558,104.466303,16.557007,14.065883
184.101947,106.671648,16.743689,14.269337
184.473030,106.130733,16.544964,13.926676
183.665626,105.322475,16.313185,13.986947
182.826165,104.386265,16.361570,13.948185
181.403933,103.348359,16.023235,13.797786
181.380924,102.781814,16.211948,13.632399
180.640087,100.976471,16.224895,13.915432
179.891869,100.977143,15.947112,13.743720
179.397316,101.343697,15.943685,13.408520
179.566417,101.302276,15.892209,13.733168
179.053373,102.837643,15.967522,13.836905
180.003301,105.095389,15.879412,13.722834
180.065784,104.989747,15.499638,13.410311
179.330439,103.995039,15.598746,13.631725
178.866471,104.465801,15.462615,13.413724
178.069814,103.537393,15.606852,13.440934
177.731054,102.881251,15.652287,13.418665
177.669687,102.820906,15.466161,13.133830
178.340096,104.067336,15.407688,13.390193
177.517717,103.239208,15.540158,13.480775
177.450978,103.530789,15.507860,12.908770
177.435835,106.106286,15.477771,13.154451
177.894433,106.195785,15.344956,12.989186
177.388869,106.453759,15.361776,12.868262
176.577136,106.304515,15.057051,13.179415
176.035037,106.544322,15.336982,12.923590
176.209949,105.548799,15.457753,13.033106
176.169946,105.345273,15.355023,12.834716
175.735232,106.138890,15.412268,12.821932
175.161567,106.282294,15.313536,12.706324
174.472974,105.788610,15.374456,12.818419
173.998199,106.120439,15.384503,12.503110
173.357211,106.423468,15.399440,12.712741
173.440404,105.825541,15.316369,12.790904
174.009035,108.979934,15.297180,12.995160
173.593689,109.354626,15.302837,12.616385
173.362822,108.884947,15.157859,12.756805
172.930622,111.018196,15.332162,12.928761
172.742124,111.358107,15.232781,12.376052
171.809468,110.309145,15.327662,12.720374
171.571884,109.157876,15.394936,12.441651
171.078658,109.085746,15.201178,12.364301
170.154395,108.198071,15.333200,12.561561
169.288785,108.373454,15.275117,12.316881
169.256463,107.731394,15.130304,12.483504
168.131628,107.782904,15.349579,12.274962
167.641574,106.841382,15.108338,12.596651
166.802946,107.156629,15.374092,12.137278
166.005924,106.865155,15.613561,12.209174
165.487449,107.104575,15.374525,12.101012
164.839560,106.724572,15.470345,12.182386
164.702574,108.016225,15.691639,12.357759
163.990664,109.548935,15.668117,12.217681
164.224508,109.252880,15.343666,12.254148
163.846989,109.124673,15.323620,12.090261
162.932332,109.269433,15.502219,12.220246
162.371654,111.028025,15.372056,11.933308
161.773588,110.985544,15.343526,11.865682
161.709828,109.471638,15.478202,12.149155
160.936308,109.584947,15.291991,11.880564
159.893283,108.916613,15.172170,12.024719
159.581007,109.147774,15.147645,11.901481
159.064432,109.094503,15.103989,11.792789
157.672950,108.266012,15.306543,11.932850
157.298969,107.178151,15.046951,12.236754
157.126541,107.020697,14.934120,11.810328
156.105321,107.249773,14.930182,12.168602
156.151473,109.661581,15.139613,11.901127
156.823703,111.873661,15.251005,11.896515
157.308343,112.234772,14.995707,11.828773
156.791583,114.011265,14.839274,11.870655
156.905548,114.384020,14.734276,11.537762
156.350032,114.186945,14.715634,11.822825
156.202357,113.646850,14.712707,11.765642
155.725349,114.467108,14.716274,11.462421
155.520461,114.601279,14.449420,11.620162
154.759934,114.904817,14.566306,11.599318
155.116946,115.614976,14.719310,11.324853
155.327660,116.205297,14.538356,11.284300
154.060640,115.175570,14.402898,11.550011
154.199635,115.019181,14.417533,11.366423
154.109345,114.364532,14.114523,11.558348
153.242150,114.504002,13.957464,11.490188
152.625973,113.506298,13.953522,11.721233
152.454922,114.910479,14.103535,11.566456
153.899989,119.271918,14.116549,11.305632
155.028470,121.124307,13.786445,11.575746
154.713593,121.350675,13.652987,11.165895
153.808809,120.423110,13.644325,11.248968
153.344135,119.748772,13.537126,11.432830
153.408225,120.474405,13.588331,11.132123
153.464329,120.925872,13.360039,11.150392
153.148391,122.334927,13.392571,11.274440
152.881390,122.338727,13.367733,11.555409
152.230718,122.271355,13.157492,11.664787
151.798151,123.121533,13.707054,11.141912
152.056128,123.126806,13.063197,10.891609
151.730118,122.900459,13.211174,10.849693
152.604340,123.086034,12.763248,10.849012
151.767873,122.113838,13.130376,11.231301
151.147972,122.926787,13.410779,11.080915
152.183881,123.269357,12.770998,10.715024
151.988916,123.636528,12.940434,11.075119
154.038699,125.984288,12.525103,11.270609
154.481849,127.341637,12.833349,11.632748
154.430430,127.331945,12.707377,11.162313
153.721812,127.467957,12.624231,10.801845
153.295434,127.834066,12.432622,10.751781
153.223101,126.973294,12.776469,10.869178
152.585877,126.953608,12.570654,10.914661
153.174699,126.350679,12.781114,10.879364
152.498465,126.211674,12.608963,10.702285
152.870838,126.028730,12.620797,10.815437
152.298746,125.490218,12.590229,11.130641
152.518214,125.520914,12.560431,10.968567
152.960860,124.477176,12.565821,10.994638
152.731758,124.645969,12.449418,10.501232
152.355516,124.263092,12.480279,10.435947
151.635587,123.996290,12.481329,10.555141
151.883245,123.615893,12.071346,10.434123
152.491677,123.073766,12.188251,10.589495
151.647823,122.855732,12.211876,10.655582
152.118723,122.505067,12.037575,10.588301
153.140526,121.874147,12.109112,10.842931
153.875440,122.808502,12.257611,10.700555
154.804879,122.776371,11.536819,10.377679
153.874933,122.368670,12.042915,10.560236
154.269300,122.036026,11.783327,10.284371
153.883442,121.579368,11.910556,10.465590
154.612400,121.956157,11.898137,10.324105
154.507627,121.305224,11.705631,10.164977
154.675084,122.030192,12.364299,10.415606
154.684615,122.143368,12.011886,10.223731
155.629023,122.116713,11.777080,10.225856
155.703763,123.520249,11.883863,10.542624
157.121091,124.031622,11.672746,10.308188
156.416892,123.780605,11.847762,10.398709
156.799454,125.443377,11.861092,10.349558
158.272963,126.378253,11.731891,10.000000
158.240389,126.454329,11.642784,10.009403
158.056054,126.445390,11.712508,10.110929
157.737765,125.339990,11.872122,10.388389
157.490170,125.672071,12.021129,10.015006
156.696740,125.101790,11.869429,10.248111
157.621434,126.437912,12.413203,10.453584
157.935733,127.223550,11.847821,10.000000
158.008648,128.159355,12.005489,10.422783
158.000019,128.688465,11.724336,10.000000
158.348227,128.308693,11.799243,10.159916
158.370473,128.997407,11.957952,10.000000
158.184714,128.098731,12.187342,10.203625
157.728122,127.662710,11.822035,10.262255
157.897362,127.952975,11.959281,10.206406
159.213107,129.194336,11.756540,10.000000
158.705231,129.905374,11.871268,10.000000
158.197868,129.437684,11.859834,10.000000
158.370223,130.115562,11.720958,10.000000
158.666062,129.544267,11.618834,10.000000
158.964241,128.637816,11.485833,10.000077
158.736707,129.402575,11.584196,10.000000
158.046239,129.537579,11.584271,10.000000
158.108369,128.293248,11.590975,10.046316
157.907988,128.796545,11.802100,10.621217
158.994081,129.124682,11.219297,10.000000
158.495713,129.113776,11.604278,10.000000
158.768803,129.174908,11.510108,10.000000
158.676581,128.956881,11.464351,10.000000
158.502105,130.112420,11.585180,10.000000
159.329788,129.966746,11.257413,10.000000
161.227749,133.286117,11.441353,10.011172
161.817451,134.526966,11.490297,10.000000
161.433391,134.192738,11.497702,10.000000
160.766907,133.339709,11.629794,10.000000
160.328622,133.640738,11.477415,10.000000
160.317347,133.003044,11.257011,10.000000
161.372192,132.267889,11.017186,10.000000
160.507693,132.525570,11.269468,10.000000
159.987025,131.942799,11.378481,10.000000
160.718837,132.228968,10.768117,10.000000
160.175278,131.851977,10.916316,10.000000
159.642063,131.309721,10.722878,10.000000
159.651902,131.184886,10.942035,10.000000
159.504556,131.067008,10.878304,10.000000
159.601253,130.671232,10.310320,10.000000
159.573305,130.445133,10.541451,10.000000
158.844138,130.394661,10.823787,10.000000
159.810804,130.488115,10.163915,10.000000
160.210491,130.885213,10.111530,10.000000
159.454885,131.414374,10.059857,10.000000
159.904296,130.703267,13.590128,12.095128
165.137867,135.549237,15.999352,13.360875
167.235376,135.299606,13.541325,14.821048
170.172558,150.871554,10.583843,10.774884
170.665859,150.573723,10.618591,10.467553
170.813749,151.101273,11.082162,10.517736
170.861879,151.080815,10.857572,10.587163
170.256828,150.274585,11.203705,10.649792
170.272068,149.987044,10.677773,10.308533
169.592536,149.677715,11.107733,11.138578
169.601108,149.349875,11.155016,10.921243
170.027293,149.629874,10.980758,11.451702
170.956776,150.586176,11.038559,10.842816
172.620490,152.061522,11.110904,10.934111
171.975601,152.031148,11.067327,11.064853
172.483917,152.273161,10.467831,10.340489
171.789760,152.143353,10.979936,10.929848
172.782353,151.771745,10.397021,10.297023
172.091155,151.659824,11.041155,10.965720
172.253127,151.597317,10.790824,10.545304
172.057142,151.562981,11.058183,11.470407
171.675639,151.470789,11.011698,11.199125
171.905956,151.086192,10.774509,10.685620
171.561994,151.267178,11.392766,11.071092
171.575374,151.359203,11.215535,10.829611
171.687614,151.452629,10.885395,10.378577
171.434864,151.193583,11.292622,10.378789
172.555531,151.203372,10.877902,10.460902
173.603106,150.863492,10.825409,10.410335
173.493176,150.417709,11.211452,10.538095
173.944916,150.075527,11.774276,10.586206
175.108665,150.000478,11.055329,10.321892
175.139503,149.651051,11.195477,10.456464
175.207160,149.605821,10.964422,10.514790
175.723184,150.299072,11.346361,10.795184
176.118071,150.450457,10.825035,10.181169
175.951196,150.206306,11.038136,10.063948
176.065738,150.472339,11.139222,10.040427
176.551789,150.822113,10.686862,10.000000
176.338088,150.547526,11.189536,10.000000
175.794048,150.477370,12.902745,10.786843
177.504318,150.699879,10.849857,10.714391
177.341855,151.266389,11.084486,10.342812
178.324560,151.763506,10.938054,10.953001
177.694972,152.291060,10.928179,10.376507
177.326746,151.859692,11.343758,10.566828
178.099085,152.032475,10.766537,10.598736
178.113801,151.999064,10.937090,10.344949
177.985008,152.119839,11.081819,10.105176
177.841660,151.655222,11.128340,10.496988
178.230552,151.723510,10.924996,10.491878
177.461539,152.060410,11.995253,10.765480
178.373004,152.115569,11.039910,10.144592
177.913918,151.221876,11.430347,10.207346
177.004632,151.598866,10.968362,10.157581
177.645609,151.246510,10.682846,10.320493
177.612377,150.799218,11.092453,10.350479
176.473885,150.786081,11.791663,10.685522
177.218139,150.320096,10.937627,10.426964
177.473458,151.009684,10.935469,10.391153
177.822910,149.740390,11.282743,10.838089
177.319528,149.967855,11.052629,10.221965
177.795331,150.134650,10.689464,10.000000
177.198554,150.236016,11.128932,10.752097
176.766663,149.766057,11.800537,11.308271
178.104737,151.263093,10.700808,10.094535
178.194737,151.412592,11.117167,10.372334
178.471411,151.451240,10.636112,10.088327
177.702981,151.278829,11.001857,10.726687
178.375277,150.952589,10.571747,10.268663
177.725064,150.682250,10.902925,10.900187
178.281346,150.596464,10.682169,10.812238
178.378323,150.662467,10.667140,10.276771
177.625552,150.306014,10.907401,10.829796
177.208291,148.947938,11.867602,12.004450
177.817356,150.257723,10.957898,10.781586
177.761368,149.517216,11.566199,11.702404
170.389436,136.870550,13.333447,15.700953
170.270784,136.422052,13.829395,15.687415
169.950330,136.637806,13.626218,15.013900
