228.200000,178.600000,9.400000,7.400000
227.424401,178.021515,10.000000,10.000000
227.435264,177.124309,10.000000,10.000000
227.085397,176.791714,10.000000,10.000000
226.197853,175.445869,10.000000,10.000000
226.039836,175.445078,10.000000,10.000000
225.549806,175.125128,10.000000,10.000000
224.422628,173.880005,10.000000,10.000000
225.339662,173.192498,10.000000,10.000000
224.572109,172.931997,10.000000,10.000000
223.136293,171.836593,10.000000,10.000000
223.641185,171.349762,10.000000,10.000000
222.607510,171.062949,10.000000,10.000000
222.076769,170.044670,10.000000,10.000000
222.200476,169.675438,10.000000,10.000000
221.908289,168.432571,10.000000,10.000000
221.054494,168.502528,10.000000,10.000000
221.081606,167.179675,10.000000,10.000000
220.851803,167.010926,10.000000,10.000000
220.056675,166.475767,10.000000,10.000000
219.899150,166.255516,10.000000,10.000000
219.224733,165.306120,10.000000,10.000000
219.460045,165.064097,10.000000,10.000000
218.944925,163.898006,10.000000,10.000000
218.342073,163.591014,10.000000,10.000000
218.271260,162.355296,10.000000,10.000000
217.766357,162.458213,10.000000,10.000000
217.038781,162.165001,10.000000,10.000000
216.790434,161.174377,10.000000,10.000000
216.330494,160.857687,10.000000,10.000000
216.230946,159.754846,10.000000,10.000000
216.073787,159.310791,10.000000,10.000000
215.479061,159.015598,10.000000,10.000000
215.593144,158.310264,10.000000,10.000000
214.377997,158.082866,10.000000,10.000000
214.411253,156.995064,10.000000,10.000000
214.567907,156.796787,10.000000,10.000000
213.091469,155.837917,10.000000,10.000000
213.494274,155.611779,10.000000,10.000000
213.387078,154.586968,10.000000,10.000000
213.054232,154.209071,10.000000,10.000000
212.292616,153.852103,10.000000,10.000000
212.113765,153.270983,10.000000,10.000000
211.554388,153.089196,10.000000,10.000000
210.568272,152.320756,10.000000,10.000000
210.512530,152.119972,10.000000,10.000000
209.749047,151.305942,10.000000,10.000000
209.973966,151.023081,10.000000,10.000000
209.841437,150.157367,10.000000,10.000000
209.551200,149.956000,10.000000,10.000000
208.578075,148.938704,10.000000,10.000000
208.516516,148.694601,10.000000,10.000000
207.898008,147.643110,10.000000,10.000000
208.225262,147.339310,10.000000,10.000000
207.916591,147.320012,10.000000,10.000000
207.383912,147.034841,10.000000,10.000000
207.367960,146.051307,10.000000,10.000000
207.360487,145.722897,10.000000,10.000000
206.751396,144.731883,10.000000,10.000000
206.196362,144.511920,10.000000,10.000000
206.161390,143.532096,10.000000,10.000000
205.978380,143.316316,10.000000,10.000000
205.071353,143.512179,10.000000,10.000000
205.193040,142.457215,10.000000,10.000000
204.672993,142.898816,10.000000,10.000000
204.355226,141.800062,10.000000,10.000000
204.446483,141.522331,10.000000,10.000000
204.672417,140.540922,10.000000,10.000000
203.157460,140.357367,10.000000,10.000000
203.993254,140.339149,10.000000,10.000000
203.098720,140.101703,10.000000,10.000000
209.321238,133.979694,10.000000,10.000000
203.538136,138.826585,10.000000,10.000000
202.249866,138.601690,10.000000,10.000000
203.650775,137.568486,10.000000,10.000000
208.056426,132.328102,10.000000,10.000000
208.798506,133.352031,10.000000,10.000000
208.476620,133.196331,10.000000,10.000000
209.421821,133.284978,10.000000,10.000000
206.665595,132.497665,10.007830,10.000000
207.049868,131.705304,10.000000,10.000000
207.581524,131.468182,10.000000,10.000000
207.523665,132.653391,10.000000,10.000000
206.918993,131.749203,10.000000,10.000000
207.585167,131.663683,10.000000,10.000000
206.377924,131.047732,10.000000,10.000000
207.548108,130.938325,10.000000,10.000000
207.019228,130.935498,10.000000,10.000000
198.384029,132.794611,10.000000,10.000000
197.336353,131.168234,14.656924,10.240570
206.195933,130.111247,10.000000,10.000000
197.457507,131.940914,10.000000,10.000000
197.881684,131.135105,10.000000,10.000000
196.951506,130.945322,10.000000,10.000000
196.587645,130.358115,10.000000,10.000000
195.921884,130.195791,10.000000,10.000000
196.243824,129.921632,10.000000,10.000000
196.389262,129.278513,10.000000,10.000000
196.359788,129.102664,10.000000,10.000000
195.791731,128.897377,10.000000,10.000000
195.148719,127.988204,10.000000,10.000000
195.393886,127.710257,10.000000,10.000000
195.117171,127.376541,10.000000,10.000000
194.675181,127.163046,10.000000,10.000000
194.017031,126.922974,10.000000,10.000000
194.312732,126.357050,10.000000,10.000000
194.482860,126.165500,10.000000,10.000000
193.953252,126.017965,10.000000,10.000000
193.344560,125.220575,10.000000,10.000000
193.632750,124.888676,10.000000,10.000000
192.542026,124.585544,10.000000,10.000000
192.283107,123.792495,10.000000,10.000000
192.916635,123.544208,10.000000,10.000000
192.119777,123.229986,10.000000,10.000000
192.317229,123.349087,10.000000,10.000000
192.272699,123.214638,10.000000,10.000000
191.818751,123.119472,10.000000,10.000000
191.332439,122.189015,10.000000,10.000000
191.810917,121.840103,10.000000,10.000000
190.884219,121.468935,10.000000,10.000000
190.557396,121.476859,10.000000,10.000000
190.118313,121.235296,10.000000,10.000000
190.598420,121.087467,10.000000,10.000000
190.087675,120.214094,10.000000,10.000000
190.197132,119.860096,10.000000,10.000000
189.774041,119.458795,10.000000,10.000000
189.267590,119.637566,10.000000,10.000000
189.640081,118.622654,10.000000,10.000000
188.860550,118.368788,10.000000,10.000000
189.019504,119.014581,10.000000,10.000000
188.482303,117.925062,10.000000,10.000000
188.949948,117.714635,10.000000,10.000000
188.084104,117.372806,10.000000,10.000000
188.338141,117.335391,10.000000,10.000000
188.285374,117.050344,10.000000,10.000000
187.930595,116.718411,10.000000,10.000000
187.354389,115.896173,10.000000,10.000000
187.906297,115.627101,10.000000,10.000000
187.139046,115.427203,10.000000,10.000000
187.274645,115.964597,10.000000,10.000000
187.024338,114.919418,10.000000,10.000000
186.651516,114.752682,10.000000,10.000000
185.965661,114.344004,10.000000,10.000000
186.439234,114.237168,10.000000,10.000000
186.664429,113.976862,10.000000,10.000000
185.706167,113.629438,10.000000,10.000000
185.331001,112.825093,10.000000,10.000000
185.934962,112.591700,10.000000,10.000000
185.304212,112.499586,10.000000,10.000000
185.938775,113.318362,10.000000,10.000000
184.957103,112.221235,10.000000,10.000000
184.915681,111.916477,10.000000,10.000000
184.714573,111.852178,10.000000,10.000000
184.399145,111.144392,10.000000,10.000000
184.990732,110.781110,10.000000,10.000000
184.476610,110.626623,10.000000,10.000000
185.143474,110.466608,10.000000,10.000000
184.290188,110.471272,10.000000,10.000000
184.152166,110.301485,10.000000,10.000000
183.823927,110.165064,10.000000,10.000000
183.338299,109.830686,10.000000,10.000000
183.961806,109.096746,10.000000,10.000000
183.243008,108.851463,10.000000,10.000000
183.550366,108.734407,10.000000,10.000000
182.206539,108.244135,10.000000,10.000000
182.940230,107.903030,10.000000,10.000000
182.537271,107.647406,10.000000,10.000000
181.675079,107.189921,10.000000,10.000000
181.661526,106.605043,10.000000,10.000000
181.883049,106.375473,10.000000,10.000000
181.801852,107.446476,10.000000,10.000000
180.301588,106.007866,10.000000,10.000000
181.829085,105.831068,10.000000,10.000000
181.290599,105.667978,10.000000,10.000000
181.805207,105.604945,10.000000,10.000000
179.898965,102.913717,11.441418,10.000000
181.116140,105.109104,10.000000,10.000000
180.853329,105.035454,10.000000,10.000000
180.233628,104.498042,10.000000,10.000000
182.167429,93.734065,10.000000,10.000000
185.638850,84.576440,10.000000,10.000000
179.650389,81.778347,15.730828,11.434526
181.116648,84.204148,15.455994,11.327203
179.901005,83.879837,15.971841,11.364702
181.368066,83.783151,15.034975,10.786700
182.056105,83.608835,12.645993,10.000000
184.097339,84.820689,10.000000,10.000000
182.570846,84.062228,12.277726,10.000000
182.490538,83.445268,12.004821,10.000000
184.443089,85.091865,10.000000,10.000000
179.950612,82.629957,15.857658,11.748076
185.898585,84.864782,10.000000,10.000000
182.389749,84.137435,12.937049,10.000000
182.675263,84.522891,11.053162,10.000000
181.176408,83.885634,12.617881,10.000000
185.547546,85.482963,10.000000,10.000000
184.325560,85.312856,10.000000,10.000000
185.409021,85.165247,10.000000,10.000000
185.249588,85.189187,10.000000,10.000000
185.720899,85.077578,10.000000,10.000000
185.148330,84.798549,10.000000,10.000000
185.194153,84.657275,10.000000,10.000000
183.342618,84.027004,11.624299,10.000000
184.255622,84.469575,10.000000,10.000000
185.181808,85.122558,10.000000,10.000000
183.393443,84.564349,11.610403,10.000000
185.539035,84.266922,10.000000,10.000000
181.982053,84.158496,12.470968,10.000000
182.488171,83.598383,11.173523,10.000000
184.252737,85.068009,10.000000,10.000000
184.852408,84.865431,10.000000,10.000000
180.383959,84.583236,14.485646,11.309942
180.320654,83.207045,15.578844,11.718687
175.105634,96.089458,10.000000,10.000000
174.458435,96.069217,10.000000,10.000000
178.821708,86.711276,15.623072,10.000000
180.620027,84.870405,14.853673,11.030519
181.093067,85.545120,14.295601,10.688646
176.046963,83.104143,19.101738,12.989351
172.688074,93.215634,10.787442,10.000000
168.945440,88.369441,21.340183,14.510943
178.004190,71.650592,14.909224,11.944037
176.849081,71.684232,12.724492,10.000000
175.922219,72.392062,13.076456,10.000000
174.875486,73.161084,13.540311,10.000000
163.246622,77.730984,10.000000,10.000000
162.504398,77.349571,10.000000,10.000000
160.969252,77.479303,10.000000,10.000000
160.020709,76.700969,13.362778,10.000000
172.563954,73.009164,11.463337,10.000000
171.609105,72.914584,11.667789,10.000000
171.780700,74.175240,10.688660,10.000000
170.195680,73.933767,11.974559,10.000000
169.074306,73.248343,12.330611,10.000000
168.276400,73.135202,11.955258,10.000000
166.836464,72.017518,15.380967,10.536520
165.879105,73.395527,13.871504,10.000000
166.722031,75.006652,11.699619,10.000000
164.460989,74.213457,12.147963,10.000000
165.652163,74.080652,11.089913,10.000000
164.044992,74.528848,11.020522,10.000000
162.115329,73.271528,14.317290,10.000000
164.852069,75.684212,10.204689,10.000000
165.342581,76.385498,10.000000,10.000000
163.736978,76.322796,10.425455,10.000000
161.565979,72.637678,14.709476,10.513206
157.603177,69.673504,21.737585,15.897724
171.363902,91.336121,10.000000,10.000000
173.098184,92.893660,10.000000,10.000000
171.547709,91.565244,10.000000,10.000000
171.692303,91.658298,10.000000,10.000000
172.029068,92.024048,10.000000,10.000000
172.222887,92.117198,10.000000,10.000000
172.317536,92.124021,10.000000,10.000000
171.931814,92.003406,10.000000,10.000000
171.613690,92.012184,10.000000,10.000000
171.455875,91.725574,10.000000,10.000000
172.877511,92.146010,10.000000,10.000000
171.378102,91.841363,10.000000,10.000000
172.487539,91.825004,10.000000,10.000000
171.601932,91.114567,10.000000,10.000000
171.151452,92.117808,10.000000,10.000000
172.098566,92.042193,10.000000,10.000000
171.115189,91.091648,10.000000,10.000000
170.847218,90.931458,10.000000,10.000000
171.230022,91.526794,10.000000,10.000000
172.314666,91.824227,10.000000,10.000000
172.052225,92.124632,10.000000,10.000000
171.638405,92.166122,10.000000,10.000000
170.669271,91.798306,10.000000,10.000000
170.590351,91.174345,10.000000,10.000000
171.515478,92.403643,10.000000,10.000000
170.130077,91.473163,10.000000,10.000000
171.672542,92.465224,10.000000,10.000000
171.190414,92.298081,10.000000,10.000000
172.352548,92.645838,10.000000,10.000000
171.955409,91.656160,10.000000,10.000000
170.419996,90.563039,10.000000,10.000000
170.714117,90.212968,10.000000,10.000000
169.588040,90.555917,10.796684,10.000000
171.169570,91.309870,10.000000,10.000000
171.935028,92.348226,10.000000,10.000000
167.633019,88.513353,13.329822,10.281596
171.647288,92.220141,10.000000,10.000000
169.342261,90.425723,10.007076,10.000000
170.170425,90.712793,10.000000,10.000000
172.066282,92.211494,10.000000,10.000000
171.479390,91.868752,10.000000,10.000000
172.259326,91.782867,10.000000,10.000000
171.788649,91.560488,10.000000,10.000000
171.595510,91.385120,10.000000,10.000000
171.294669,92.750870,10.000000,10.000000
172.460202,92.359888,10.000000,10.000000
171.875759,92.632620,10.000000,10.000000
171.723968,92.382225,10.000000,10.000000
171.694177,92.889646,10.000000,10.000000
171.573025,92.606613,10.000000,10.000000
171.534872,92.362530,10.000000,10.000000
171.721598,92.975710,10.000000,10.000000
