163.400000,32.200000,12.400000,11.800000
163.761168,31.120206,13.160208,12.017667
163.664599,30.780948,13.325666,12.154133
163.090983,31.401469,13.131144,11.994265
163.405912,30.225989,13.002446,12.100065
163.711495,29.852172,13.057378,11.898832
163.770402,29.837060,12.885037,11.867978
163.839134,29.830792,12.944625,11.958491
164.142581,29.842768,12.732683,11.888048
163.548865,29.774767,12.794824,11.833101
163.943667,29.638504,12.702883,11.715785
164.171774,30.065325,12.661147,11.917716
164.669993,31.197168,12.730153,11.828331
165.537102,31.315014,12.895632,11.929729
165.291220,31.382152,12.803446,12.035630
164.869125,31.477891,12.732047,11.896012
165.718983,31.452809,12.657827,11.956060
166.328141,33.556436,12.537469,11.781960
167.365219,35.003211,12.625443,12.029836
167.798984,38.386113,12.532994,11.794157
168.516332,42.700006,12.456074,11.524212
169.069174,46.645290,12.238017,11.409756
169.724674,47.506272,12.341652,11.414682
169.434609,47.224997,12.478609,12.048452
169.342207,48.001198,12.378117,11.582858
168.952550,47.783630,12.502836,11.714592
169.543474,48.970311,12.229649,11.555608
169.811754,48.923565,12.288440,11.917640
170.483893,50.132720,12.302663,11.631604
169.584999,49.836224,12.357372,11.655314
170.207167,50.171135,12.189128,11.677997
170.338297,50.003679,12.189075,11.409058
170.204071,49.729931,12.189671,11.355139
170.597759,50.795782,11.904701,11.539803
170.805474,51.324302,11.930875,11.640267
171.085404,53.690915,12.034739,11.503805
171.698696,55.244586,11.966426,11.182779
171.994676,55.768403,11.846650,11.535630
172.238150,56.061772,11.941835,11.643437
172.131376,56.200457,11.918797,11.708372
172.006323,57.258185,11.891016,11.233512
172.647218,58.021771,11.780931,11.314086
172.308035,58.191011,11.947575,11.503830
172.287074,58.795692,11.603594,11.485044
172.244364,59.225901,11.668905,11.613005
172.866183,60.305966,11.722577,11.164412
173.834857,62.620751,11.940190,11.295407
174.593344,63.913563,11.621665,11.433619
174.066295,64.777273,11.590870,11.304263
173.845333,65.456903,11.764595,11.536793
174.264269,64.856646,11.754840,11.399550
173.701831,65.058142,11.683209,11.740675
174.066908,65.861584,11.486609,11.571527
174.247610,66.132062,11.653754,11.487154
173.746863,67.480752,11.583585,11.224718
174.148494,68.208023,11.475224,11.481735
174.580727,69.038599,11.666800,11.294228
175.557887,69.553269,11.676950,11.173624
175.951937,70.316113,11.594877,11.390638
175.516310,70.256559,11.610968,11.472785
175.630475,71.352876,11.471331,10.993035
175.613559,71.319687,11.579517,11.178123
176.365526,71.026626,11.588375,11.320801
176.015422,71.769930,11.741364,11.129824
175.921860,73.330801,11.742090,11.335174
176.896673,74.604035,11.643699,11.142462
176.556307,74.967539,11.629317,11.059817
177.090287,75.579175,11.688826,11.199949
176.717006,76.058713,11.679406,11.012177
176.722251,75.834065,11.627199,11.248782
176.930782,77.530008,11.650711,11.096058
176.958998,78.160260,11.609607,10.882105
177.547627,78.671751,11.518465,11.049507
177.631852,79.258484,11.647099,11.144656
177.893996,79.584344,11.595544,10.891369
177.546369,79.587582,11.663815,11.171343
177.885324,81.079807,11.544534,10.715766
177.478312,80.991355,11.837919,11.058638
177.776826,81.547829,11.761314,10.862578
177.168661,83.035570,12.045784,10.842091
178.322635,84.469466,11.664753,10.745679
177.631098,84.307400,11.772399,10.956256
177.150468,83.678819,11.880608,10.791005
177.730225,83.854482,11.759386,10.599960
177.917918,82.871358,11.642038,10.980725
177.181151,83.930870,11.844180,10.763652
177.774152,84.346669,11.663582,10.888308
177.237825,83.972010,11.990087,10.976653
177.890322,85.300872,11.644510,10.621675
177.758937,85.284641,11.726552,11.056514
177.471872,86.693137,11.583949,10.589395
178.255441,88.556360,11.566833,10.808372
178.554197,90.418847,11.466080,10.667631
178.804122,91.007619,11.491303,10.630338
179.327599,91.367456,11.396953,10.715218
178.878197,92.309837,11.337240,10.671889
178.686302,91.818522,11.639748,10.747294
178.913881,91.668682,11.675304,10.971671
178.710158,92.204382,11.709111,10.938137
178.596912,91.688480,11.675407,10.775188
178.796512,91.432397,11.660328,10.648400
178.793144,92.030086,11.556927,10.591629
178.633141,91.583432,11.697390,10.607599
178.397168,92.182497,11.639433,10.563323
177.853530,91.331573,11.810525,10.812295
177.341581,90.827636,11.884696,10.991711
177.765516,91.657848,11.681175,10.773762
177.552737,91.226497,11.760564,10.610440
177.371797,92.035022,11.616670,10.454053
176.977965,91.785141,11.760289,10.965384
177.041298,93.182313,11.679544,10.418573
177.360182,92.562726,11.883616,10.534220
176.546100,93.164169,11.914944,10.502987
176.741828,92.725558,11.948854,10.492414
176.876429,92.630899,12.005359,10.806450
176.396193,92.071397,11.981601,10.730531
176.626184,92.402305,11.749313,10.408760
175.837442,92.017459,11.950656,10.638891
175.920136,92.295229,11.769801,10.524208
176.379380,91.976768,11.864508,10.545952
175.941388,91.929028,11.845872,10.833998
176.028719,93.448310,11.760978,10.462296
176.738895,93.102942,11.891575,10.592463
176.088701,92.843890,12.091820,10.437490
175.066893,92.452629,12.227935,10.386440
175.589378,92.171845,11.907818,10.423204
175.453966,91.966209,11.701122,10.680054
174.875376,91.849014,11.872400,10.646510
174.979525,91.672126,11.913088,10.417038
174.747272,92.468282,11.837055,10.208737
173.739194,91.701961,12.035872,10.251030
174.459738,92.863823,11.684683,10.281997
174.564141,93.121098,11.667059,10.521734
174.225955,94.701510,11.933012,10.129889
174.698810,96.158393,12.173730,10.335491
174.546063,96.856305,12.223643,10.148736
174.553565,97.844492,11.686621,10.216758
174.525710,97.722680,11.823319,10.098883
174.709958,97.562338,11.863390,10.183902
174.086666,97.898985,11.518813,10.283903
173.905104,98.953264,11.569113,10.000000
173.730291,98.887006,11.529843,10.433422
174.589881,99.539724,11.318331,10.068237
174.059551,100.185034,11.404525,10.060336
175.082353,100.724104,10.991887,10.010867
174.579056,100.997889,10.812311,10.475200
175.500326,101.420605,10.901730,10.261008
175.298428,102.054510,10.953093,10.538952
175.403117,102.125129,10.633062,10.372388
174.974713,102.742371,10.860250,10.157610
174.855847,103.758392,10.706107,10.000000
175.579480,103.769591,10.219422,10.076802
175.755346,105.134134,10.000000,10.000000
175.150024,104.968349,10.000000,10.170771
175.396895,104.702536,10.000000,10.000000
175.697581,104.602666,10.000000,10.090355
174.689487,105.796701,10.227839,10.000285
174.291907,106.115593,10.557301,10.000000
173.313476,105.903803,10.849677,10.000000
174.440460,105.804367,10.000000,10.000000
174.116344,105.758017,10.367185,10.000000
173.611843,107.023333,10.168157,10.000000
174.614836,106.239615,10.000000,10.000000
173.974041,107.143814,10.000000,10.000000
174.426949,107.155228,10.000000,10.000000
174.242968,107.153040,10.242515,10.000000
174.057396,106.675627,10.186310,10.000000
173.965744,107.221962,10.018093,10.000000
175.297936,106.757721,10.000000,10.000000
174.951018,107.534412,10.000000,10.000000
174.844300,108.250717,10.000000,10.000000
174.547691,109.263359,10.000000,10.000000
174.739045,109.360874,10.000000,10.000000
175.122766,110.189881,10.000000,10.000000
175.421806,110.144806,10.216974,10.000000
175.908688,109.560022,10.000000,10.000000
175.569586,110.432573,10.147778,10.000000
175.720277,110.795886,10.000000,10.000000
175.083348,110.788729,10.384809,10.177807
175.467718,111.386253,10.000000,10.000000
175.544307,112.422170,10.141220,10.000000
175.714789,112.534328,10.000000,10.000000
175.341020,112.503387,10.000000,10.000000
175.712310,112.563760,10.000000,10.000000
174.478065,112.657040,10.198359,10.000000
175.409917,114.003334,10.000000,10.000000
176.281756,113.653218,10.000000,10.000000
176.084349,113.544732,10.000000,10.000000
176.003642,113.626579,10.000000,10.000000
175.764049,113.922104,10.000000,10.000000
175.519646,114.257653,10.000000,10.000000
175.494951,114.434899,10.000000,10.000000
176.405346,114.608273,10.000000,10.000000
176.003396,113.989807,10.000000,10.000000
175.712941,114.141245,10.000000,10.000000
175.390182,114.139504,10.000000,10.000000
175.728339,114.035705,10.000000,10.000000
174.987867,113.759092,10.000000,10.000000
175.374703,113.092892,10.000000,10.000000
175.802182,113.103501,10.000000,10.000000
