138.000000,74.800000,23.400000,69.200000
133.239642,74.069563,22.410049,66.650650
128.802820,73.149439,21.985720,66.305061
125.945467,72.858706,22.044024,65.231270
126.650039,79.916712,21.552910,64.479637
128.282848,82.952805,21.150620,62.124218
128.825492,79.996769,20.418922,62.311985
127.364949,74.970322,20.693981,60.970699
128.130673,72.769720,20.179686,59.704117
129.404453,74.029686,19.785841,58.551128
132.159124,75.071074,19.551052,57.386063
136.311568,78.049914,19.475716,56.930840
138.566817,76.670063,18.802607,56.734013
143.888818,80.485901,18.703297,55.745159
144.748051,80.207297,18.366652,54.757294
148.979548,83.375351,18.148638,54.506329
152.531496,88.439116,18.183199,53.779541
153.477778,94.510907,17.770014,53.036427
152.906979,96.470379,17.607084,51.584835
154.238913,100.595047,17.520868,52.070667
154.239903,112.876677,17.173132,51.322762
154.805111,116.521944,17.091215,50.468788
156.492052,120.210442,17.306185,50.173023
155.707803,116.555622,16.870281,49.535397
155.058117,112.366700,16.682425,48.526752
156.402909,113.495171,16.503094,47.512844
156.557407,112.937151,16.739891,47.539795
156.821784,112.773964,16.444450,46.937908
155.940249,113.290926,15.901194,46.092941
156.147663,110.060816,15.890075,46.700012
155.286540,107.765391,15.589790,46.268707
157.128619,110.292088,16.006699,45.276913
157.872153,110.474499,15.722802,44.728291
158.113433,108.034842,15.452622,44.400002
160.148131,109.703892,15.565866,43.435902
161.515966,107.860470,15.134762,43.462193
162.583187,109.722462,14.746673,43.018963
165.035051,111.921025,14.687297,42.627010
165.903924,114.699440,14.793920,42.203999
167.281532,115.390482,14.625403,41.531090
167.186051,116.835593,14.866697,41.288277
166.618870,116.646569,14.799497,41.025272
167.056928,117.193339,14.703426,40.429443
169.202798,120.118128,14.244602,40.239517
169.896614,119.171484,13.867727,39.818329
169.921086,117.787356,13.784482,40.067497
171.525639,119.445912,13.688329,39.061321
170.959132,119.783268,14.070016,38.291203
172.333724,121.547631,13.812493,38.525188
171.284122,121.450503,13.892929,37.620514
171.005069,120.027853,13.782028,37.258354
170.639667,121.290610,13.708671,37.633026
169.669469,121.411150,13.235043,37.008125
168.876635,122.602803,13.450448,36.857174
167.498985,121.824244,13.263625,35.944344
166.856427,123.696223,13.526920,36.537827
165.682161,126.197028,13.622486,36.192047
164.219398,124.967707,13.165046,34.736938
162.505505,124.604973,12.951849,35.107731
161.280203,125.145073,12.741373,35.381428
159.999280,124.470274,12.531575,34.504036
159.094099,124.596943,12.556162,34.108189
157.676069,125.473093,12.671000,34.381516
156.737341,130.734249,12.700778,33.859417
155.022799,131.957056,12.398385,34.024384
153.490376,132.523796,12.575513,33.591671
152.394550,128.826376,12.422943,33.408585
150.405710,125.187197,12.092196,33.498749
149.819102,126.367775,11.980546,33.250141
148.969646,126.063265,11.764587,32.561790
148.839602,125.426224,11.881738,32.124233
147.593417,123.329456,11.921006,31.852591
146.169281,123.514885,11.616957,31.452908
145.821172,123.023180,11.762683,31.558876
144.294880,122.052323,11.607306,31.589520
143.063906,120.417014,11.427255,31.053406
142.304344,118.602059,11.329374,30.911457
141.870425,117.673921,11.344125,30.825533
140.648545,117.947779,11.266317,30.446205
139.252072,115.937018,11.482198,30.368683
139.415556,115.984110,11.121852,30.046684
139.184344,116.406313,11.391708,30.113678
140.190877,116.568659,10.782398,29.588921
139.751967,117.224882,10.725298,29.585016
140.332259,115.846560,10.801384,29.246529
144.136961,118.170831,10.856502,29.311861
145.846245,117.682633,10.801458,28.369366
147.946191,117.939823,10.651235,28.414618
151.503895,118.859052,10.697371,28.537989
154.210581,120.668416,10.817484,28.386156
155.105677,120.803927,10.231988,28.415756
154.603166,118.984759,10.469600,28.251480
155.060473,117.962641,10.219514,27.961838
157.360058,119.062937,10.254988,28.015167
158.828457,119.177454,10.000000,27.162628
159.630052,119.533322,10.000000,26.909061
160.065220,119.293655,10.051640,26.729475
161.776518,119.401137,10.000000,26.309082
164.079265,120.952953,10.176389,27.169340
163.308988,120.233274,10.000000,26.792559
166.179221,121.187468,10.000000,26.907654
166.576633,120.752943,10.000000,26.071953
166.423830,120.271576,10.000000,25.778961
166.841928,119.251260,10.000000,25.450438
167.046149,118.999247,10.000000,25.283817
167.005023,117.856905,10.000000,25.501785
167.342026,117.845735,10.000000,25.681406
168.782238,118.293372,10.000000,25.770668
171.359822,119.399074,10.000000,26.091200
171.497328,120.342277,10.000000,25.360594
171.445811,119.124705,10.000000,24.694881
172.932934,119.650731,10.000000,25.075933
172.242886,119.119499,10.000000,24.253691
172.100712,118.825556,10.000000,24.173058
171.710508,118.619541,10.000000,24.496599
171.302659,117.565276,10.000000,24.035103
170.588494,117.306179,10.000000,24.135281
169.651892,116.202362,10.000000,23.590435
168.546803,115.962563,10.000000,24.063095
167.859248,116.286458,10.000000,23.983114
166.659200,116.386879,10.000000,23.929768
165.598386,116.116707,10.000000,23.188862
164.626923,115.034237,10.000000,23.145477
163.467288,113.963984,10.000000,23.121014
162.107820,113.339617,10.000000,22.567287
160.601322,113.005320,10.000000,23.167473
160.275017,114.163405,10.000000,23.145863
159.089801,115.444559,10.000000,22.873468
158.324454,116.480494,10.000000,22.996437
157.641933,115.935137,10.000000,22.417397
157.808551,116.731840,10.000000,22.499166
157.557816,116.044095,10.000000,22.082155
158.069277,116.928826,10.000000,22.195286
158.001536,116.373533,10.000000,22.211409
157.293280,116.363820,10.000000,22.093859
156.957997,116.082304,10.000000,21.706539
157.341598,116.924598,10.000000,21.683874
156.351799,116.697093,10.000000,21.839418
155.846045,115.811016,10.000000,21.504974
155.612431,116.870003,10.000000,21.274574
154.997801,116.656655,10.000000,21.377472
155.431882,116.932420,10.000000,21.889208
156.440775,117.816276,10.000000,21.440695
158.614819,119.504137,10.000000,21.281872
161.012148,120.155828,10.000000,21.027311
160.543105,120.128163,10.000000,21.486568
161.872787,120.831128,10.000000,21.764725
160.585757,119.855861,10.000000,20.786680
158.782069,119.745794,10.000000,20.815081
158.525472,120.238722,10.000000,20.986092
157.720667,120.041150,10.000000,20.647415
157.617415,120.515133,10.000000,20.353642
157.032262,120.050668,10.000000,20.510107
157.209623,122.652563,10.000000,20.254158
156.559381,124.162884,10.000000,20.038883
156.486199,124.728131,10.000000,19.702766
156.005995,125.143104,10.000000,19.831606
155.208291,125.000145,10.000000,19.651413
154.824437,126.122591,10.000000,19.619785
157.357957,128.572749,10.000000,18.585629
154.473303,126.985337,10.000000,18.604206
170.680683,124.216414,10.000000,18.497631
165.405765,115.667265,13.260448,28.142895
168.538074,124.412165,10.000000,19.285084
170.662970,130.904415,10.000000,14.942186
160.302769,126.634887,17.967510,21.280874
147.852112,124.747790,13.429881,28.408623
142.360510,126.708980,19.490967,27.083860
123.095650,112.783670,15.787506,29.000757
125.522179,121.414190,13.600418,29.334047
126.621782,118.941822,11.684651,21.874378
130.232045,121.363182,13.698852,24.957867
131.371782,124.659935,15.500730,24.254047
134.471185,130.499020,10.000000,19.368435
133.799618,134.132777,10.000000,17.333893
130.035216,140.201640,10.000000,16.874031
127.052708,140.836261,10.000000,17.206118
123.097938,141.781268,10.000000,17.490231
121.416886,143.134515,10.000000,17.693560
119.971200,144.148477,10.000000,17.674311
126.570048,148.483104,10.000000,17.739561
126.755204,149.864366,10.000000,17.036367
126.890185,150.261264,10.000000,16.967806
126.101387,151.320798,10.000000,17.147966
135.094555,148.678446,10.000000,16.853367
138.830680,147.306820,10.000000,17.679955
141.329678,145.954076,10.000000,15.927069
127.870384,148.575248,10.000000,12.464403
131.664304,148.162179,10.000000,12.437666
131.471141,146.018028,10.000000,14.159158
132.069955,144.547199,10.000000,13.369558
133.296246,142.383041,10.000000,13.463610
141.544664,139.009079,10.000000,15.441224
136.827583,129.498707,13.370341,23.457127
131.822276,121.408246,19.823072,31.520952
113.878614,96.941224,50.674248,55.047840
106.618581,91.487311,96.167473,80.356514
237.720432,111.455155,30.459377,63.862751
248.157977,118.169337,24.596174,52.155411
265.342626,110.610623,32.699760,46.370197
258.595112,106.744700,31.479654,44.042946
272.359353,71.201085,20.190735,42.004383
268.160552,66.134081,34.481312,54.334801
266.506034,110.098874,33.377399,59.302586
264.306367,114.362450,23.894760,46.796673
266.207201,115.386284,26.355742,38.448147
265.866867,113.149441,36.143757,39.901318
