218.000000,138.000000,9.800000,9.600000
218.562493,138.184362,10.756844,10.000000
217.972888,137.467312,10.835727,10.000000
218.498605,138.042015,10.933481,10.000000
217.776956,137.336923,10.903804,10.000000
218.166018,137.392937,10.706032,10.000000
217.027837,136.629139,10.797591,10.000000
217.470944,135.148992,10.845844,10.000000
216.729822,134.447519,10.983880,10.000000
217.293074,134.174247,10.504960,10.000000
216.961481,132.853444,10.724385,10.000000
217.060703,131.808184,10.400464,10.000000
216.808301,132.027571,10.050044,10.000000
217.482204,130.272787,10.655320,10.000000
216.623727,129.882615,10.753417,10.000000
216.793764,128.927616,10.080678,10.000000
217.466986,129.629744,10.004872,10.000000
216.262274,128.458718,10.506856,10.000000
216.446340,128.520733,10.000000,10.000000
216.507850,126.888365,10.296560,10.000000
216.178437,127.085486,10.101656,10.000000
215.205334,126.009200,10.360793,10.000000
215.133107,125.459527,10.213881,10.000000
214.788032,125.024246,10.065094,10.000000
214.906240,124.127914,10.127197,10.000000
215.237352,123.064383,10.000000,10.000000
214.014420,122.991371,10.370597,10.000000
214.001973,123.420086,10.000000,10.000000
213.252457,122.804672,10.006757,10.000000
212.525931,121.757082,10.390813,10.000000
212.279382,120.759734,10.071273,10.000000
212.344216,120.310565,10.000000,10.000000
211.459232,119.638439,10.000000,10.000000
211.368501,118.639892,10.000000,10.000000
210.745530,118.907918,10.000000,10.000000
210.100127,118.331281,10.000000,10.000000
208.731393,115.929227,10.985826,10.000000
208.411282,114.327298,10.720913,10.000000
198.734709,119.820983,11.125816,11.299454
199.043723,119.017350,10.812091,10.855091
199.086154,117.862251,10.463916,10.871798
198.210608,116.651932,10.519561,10.219545
198.623330,114.968482,10.359224,10.737094
198.159228,113.843752,10.863227,11.013044
196.857728,113.830819,10.707766,10.468330
197.403883,113.030527,10.421491,10.074495
196.458550,113.368716,10.699913,10.000000
195.580225,113.295619,11.204968,10.000000
194.564673,112.508406,11.440891,10.000000
193.950495,112.913759,11.314926,10.000000
194.479432,112.870966,11.091412,10.000000
193.466747,112.947385,10.381589,10.000000
193.503096,112.668025,10.548764,10.000000
193.945259,112.150142,10.000000,10.000000
203.835560,101.028527,11.363564,10.000000
196.056491,84.552163,10.601501,10.000000
196.277073,83.523223,10.759372,10.282180
195.659817,84.195510,10.933719,10.067518
195.413674,83.829602,10.651701,10.376864
194.813825,82.431918,10.783780,10.000000
194.180272,82.820188,11.213853,10.271910
194.579328,82.410969,10.872191,10.268208
193.415987,81.537766,11.027930,10.403359
193.613382,80.850640,10.852051,10.053856
193.069618,79.678603,11.669910,10.442466
193.218038,79.950182,11.268235,10.401380
198.412427,96.027858,10.000000,10.000000
197.870225,94.947387,10.061794,10.000000
197.828193,94.453597,10.000000,10.000000
196.698989,93.922285,10.202541,10.000000
196.961661,93.004878,10.100312,10.000000
196.201342,91.120820,10.000000,10.000000
196.286209,90.336597,10.000000,10.000000
196.414899,89.990882,10.000000,10.000000
196.396087,89.251410,10.000000,10.000000
196.588264,88.599105,10.000000,10.000000
195.106923,86.969778,10.000000,10.000000
195.433352,86.428884,10.000000,10.000000
195.466553,85.978677,10.000000,10.000000
195.326211,85.324854,10.000000,10.000000
195.088374,85.130031,10.000000,10.000000
194.390763,84.201727,10.000000,10.000000
194.420425,83.686513,10.000000,10.000000
194.332034,83.148329,10.000000,10.000000
194.268758,82.978604,10.000000,10.000000
193.656188,82.477858,10.000000,10.000000
192.960567,82.493170,10.000000,10.000000
192.694734,82.123796,10.000000,10.000000
192.453545,81.491628,10.000000,10.000000
192.630510,81.214890,10.000000,10.000000
192.078326,80.917821,10.000000,10.000000
191.594338,80.037864,10.000000,10.000000
191.202973,79.597765,10.000000,10.000000
191.572487,78.574304,10.000000,10.000000
190.508545,77.935575,10.000000,10.000000
190.469223,77.870617,10.000000,10.000000
191.673294,77.400500,10.000000,10.000000
189.948046,77.002592,10.000000,10.000000
190.676824,76.397835,10.000000,10.000000
189.868597,76.102252,10.000000,10.000000
189.467540,75.070264,10.000000,10.000000
189.917974,74.567447,10.000000,10.000000
189.161288,73.962884,10.000000,10.000000
189.072003,73.771886,10.000000,10.000000
188.458232,73.239046,10.000000,10.000000
189.048407,73.150494,10.000000,10.000000
187.893247,72.616048,10.000000,10.000000
187.753944,71.715539,10.000000,10.000000
187.041975,71.552768,10.000000,10.000000
187.521181,71.094213,10.000000,10.000000
186.428316,71.551264,10.000000,10.000000
187.727043,70.836544,10.000000,10.000000
186.020653,70.495638,10.000000,10.000000
186.388080,70.917357,10.000000,10.000000
186.342986,70.400536,10.000000,10.000000
186.538001,70.895860,10.000000,10.000000
184.882147,70.122036,10.000000,10.000000
184.987001,69.824936,10.000000,10.000000
184.735916,69.540644,10.000000,10.000000
184.248555,68.918872,10.000000,10.000000
184.376429,68.670013,10.000000,10.000000
184.616571,68.092175,10.000000,10.000000
183.537320,67.711422,10.000000,10.000000
183.514566,66.674909,10.000000,10.000000
183.219963,65.917067,10.000000,10.000000
184.154800,65.388372,10.000000,10.000000
183.353006,65.079879,10.000000,10.000000
183.838038,64.275641,10.000000,10.000000
182.807664,64.237416,10.000000,10.000000
182.897980,63.955750,10.000000,10.000000
182.407190,63.057315,10.000000,10.000000
182.590606,62.391020,10.000000,10.000000
181.285515,62.059829,10.000000,10.000000
182.340880,61.781002,10.000000,10.000000
182.112417,60.722393,10.000000,10.000000
182.072425,60.097370,10.000000,10.000000
181.587251,59.732936,10.000000,10.000000
181.378920,58.582090,10.000000,10.000000
181.552060,57.375207,10.000000,10.000000
181.218262,58.066818,10.000000,10.000000
181.444222,57.452392,10.000000,10.000000
181.699344,57.155907,10.000000,10.000000
180.642028,57.122463,10.000000,10.000000
180.703960,57.221452,10.000000,10.000000
180.462644,57.894930,10.000000,10.000000
180.516293,57.526833,10.000000,10.000000
179.723735,58.046589,10.000000,10.000000
179.515668,58.186620,10.000000,10.000000
179.225015,58.203373,10.000000,10.000000
179.431644,57.838475,10.000000,10.000000
179.709432,57.388839,10.000000,10.000000
179.140075,57.829227,10.000000,10.000000
179.686390,56.474435,10.000000,10.000000
178.948435,56.756786,10.000000,10.000000
179.852240,56.307943,10.000000,10.000000
179.424097,56.684149,10.000000,10.000000
179.812724,55.064597,10.000000,10.000000
179.182424,55.349643,10.000000,10.000000
179.708853,55.633385,10.000000,10.000000
178.902353,54.408737,10.000000,10.000000
179.087351,54.239319,10.000000,10.000000
179.290034,53.672974,10.000000,10.000000
179.478351,52.281122,10.000000,10.000000
179.650673,51.909447,10.000000,10.000000
178.743440,51.255633,10.000000,10.000000
178.955934,51.180904,10.000000,10.000000
179.277865,50.935768,10.000000,10.000000
179.836931,50.513601,10.000000,10.000000
179.094561,50.162559,10.000000,10.000000
179.453015,50.042137,10.000000,10.000000
179.241529,49.749046,10.000000,10.000000
179.602707,48.149857,10.000000,10.000000
178.522640,48.056926,10.000000,10.000000
178.798132,47.457311,10.000000,10.000000
178.501643,45.210655,10.000000,10.212334
179.699774,47.307721,10.000000,10.000000
179.155889,48.106084,10.000000,10.000000
180.043833,48.855553,10.000000,10.000000
179.666052,48.777755,10.000000,10.000000
179.266343,48.050591,10.000000,10.000000
178.720679,47.448170,10.000000,10.000000
178.528855,49.097652,10.000000,10.000000
178.239253,48.912665,10.000000,10.000000
178.844380,49.217633,10.000000,10.000000
178.142188,49.986457,10.000000,10.000000
178.723486,49.841336,10.000000,10.000000
178.025909,49.376276,10.000000,10.000000
178.193465,49.553581,10.000000,10.000000
178.469702,49.021548,10.000000,10.000000
178.340994,48.454978,10.000000,10.000000
177.744710,49.408154,10.000000,10.000000
177.563737,49.673759,10.000000,10.000000
176.713778,49.262195,10.000000,10.000000
177.336913,49.387851,10.000000,10.000000
177.310509,49.115536,10.000000,10.000000
176.737743,45.967826,10.000000,10.885031
