244.000000,93.800000,3.800000,9.200000
244.005760,92.998304,10.000000,11.198248
244.009276,94.471534,10.000000,10.195761
243.959033,94.825573,10.000000,10.919652
244.440393,95.956889,10.000000,10.858406
244.712773,95.998302,10.000000,11.138185
245.490520,95.893389,10.000000,11.164986
246.361243,96.086330,10.000000,11.616681
246.769513,97.456375,10.000000,11.269330
247.042817,97.405428,10.000000,10.842294
247.522691,98.140611,10.000000,10.000000
247.059552,98.994825,10.000000,10.168411
247.640170,98.950298,10.000000,10.000000
247.922654,99.754266,10.000000,10.000000
248.428716,100.429461,10.000000,10.000000
249.117260,101.716988,10.000000,10.000000
249.074126,101.615468,10.000000,10.000000
249.096640,101.661633,10.000000,10.789624
249.455348,102.724584,10.000000,11.084384
248.978363,103.475687,10.000000,12.112879
249.271719,103.830268,10.000000,12.030251
249.242282,104.546622,10.000000,13.285108
249.045464,104.800911,10.000000,11.396875
248.909098,105.262353,10.000000,11.932849
249.400111,105.855548,10.000000,12.744820
249.510945,106.437506,10.000000,14.532498
249.256576,108.212971,10.000000,10.487687
247.714192,108.991291,10.000000,11.832159
247.676665,108.675037,10.000000,10.000000
248.323071,108.275257,10.000000,12.498227
248.551537,109.544477,10.000000,11.831474
248.379305,110.093496,10.000000,11.746078
249.383298,110.210598,10.000000,11.413422
248.035980,111.170052,10.000000,11.910723
248.603830,110.999550,10.000000,11.845165
248.123963,110.636028,10.000000,11.997071
248.894748,111.661047,10.000000,12.766395
248.238680,113.571157,10.000000,10.146836
247.457549,114.204316,10.000000,10.748302
247.463454,113.749584,10.000000,11.420968
247.855751,114.522080,10.000000,10.000000
247.894246,114.355241,10.000000,11.852314
247.787666,116.089707,10.000000,10.959638
247.716612,116.645488,10.000000,11.576241
247.716489,117.594188,10.000000,11.288124
247.415306,117.316944,10.000000,10.507483
247.888248,117.113151,10.000000,11.607189
247.477687,118.004434,10.000000,12.130054
247.543385,118.169409,10.000000,14.449536
247.454298,119.569761,10.000000,13.079046
247.388039,120.708697,10.000000,10.710080
247.257881,121.069504,10.000000,10.339086
246.803624,121.683014,10.000000,10.916383
247.498835,122.366927,10.000000,13.978714
248.440781,122.781009,10.000000,13.580975
248.053011,123.510962,10.000000,14.139001
248.081284,124.176516,10.000000,11.425756
247.909585,125.573197,10.000000,11.584771
248.175193,125.301237,10.000000,11.094815
247.804482,126.138403,10.000000,11.526758
248.223021,126.635386,10.000000,12.481339
247.877104,127.342429,10.000000,12.002759
248.020021,128.115159,10.000000,11.183651
247.537046,128.776782,10.000000,10.000000
247.750127,128.374389,10.000000,10.085706
248.750754,128.853171,10.000000,10.867421
248.740410,130.241084,10.000000,10.772717
248.756956,130.290570,10.000000,10.000000
248.886608,131.620477,10.000000,10.289804
249.193998,131.970871,10.000000,10.000000
249.031582,131.410518,10.000000,10.000000
249.060721,132.293482,10.000000,10.636522
248.861332,132.358117,10.000000,12.521935
249.051368,133.304593,10.000000,13.098279
248.640974,134.114593,10.000000,12.869438
247.620453,134.670696,10.000000,12.048057
247.617236,135.239759,10.000000,13.170956
248.240981,135.463443,10.000000,11.755600
249.434976,136.054529,10.000000,12.647663
249.257764,136.718791,10.000000,11.886635
248.948831,137.688875,10.000000,11.159793
248.959275,138.726702,10.000000,11.116915
248.952736,138.530571,10.000000,10.890441
248.817443,138.931863,10.000000,11.424953
248.971243,139.457653,10.000000,10.632892
248.148034,139.264167,10.000000,12.509228
247.710921,140.885539,10.000000,10.000000
247.687953,141.951463,10.000000,10.000000
247.954246,142.315897,10.000000,10.000000
247.831346,142.788750,10.000000,10.000000
247.607565,142.584088,10.000000,13.063662
247.563283,143.814441,10.000000,12.061869
246.609782,143.960545,10.000000,10.151427
246.574026,144.250670,10.000000,11.788305
245.640919,144.607586,10.000000,12.227107
245.970896,144.580542,10.000000,16.021429
246.536642,144.571649,10.000000,15.159314
245.710934,145.000191,10.000000,14.808041
246.841217,144.047733,10.000000,11.935421
246.535550,143.381707,10.000000,11.541350
247.242706,140.475346,10.000000,12.655791
246.994575,141.660604,10.000000,11.643804
246.947554,141.243746,10.000000,11.314850
247.824912,138.603637,10.000000,10.898278
246.964285,137.854695,10.000000,10.807581
247.030142,137.721663,10.000000,12.125662
246.749933,137.990157,10.000000,11.511306
247.559891,137.829192,10.000000,10.178615
247.509656,138.394766,10.000000,10.000000
247.956533,137.439165,10.000000,10.489254
249.182946,135.695707,10.000000,12.514157
248.327755,135.790806,10.000000,12.261489
248.458489,135.463980,10.000000,12.895129
249.141168,132.635616,10.000000,12.528908
248.609187,130.499173,10.000000,12.742164
249.000102,128.477301,10.000000,13.701939
248.620093,128.823220,10.000000,12.525835
249.044494,127.357355,10.000000,13.360637
248.774874,127.371244,10.000000,12.146435
249.217817,127.471419,10.000000,12.290396
249.458434,126.506427,10.000000,11.993047
250.591104,126.318864,10.000000,11.923735
249.714120,126.905400,10.000000,12.538119
250.616141,127.145840,10.000000,11.430446
251.045548,127.866042,10.000000,11.507124
251.961505,125.966103,10.000000,10.821243
253.695904,125.150882,10.000000,10.948000
254.228095,122.984329,10.000000,10.753812
254.733476,123.561560,10.000000,12.194313
255.052785,124.601014,10.000000,10.816958
254.834405,125.020635,10.000000,10.741410
254.947724,125.799501,10.000000,11.159322
256.211704,125.434949,10.000000,10.433080
256.069150,125.944751,10.000000,11.317212
256.267690,126.121834,10.000000,12.895057
256.968241,126.350953,10.000000,12.556422
257.881637,126.502690,10.000000,11.820044
258.255775,127.226387,10.000000,10.573966
259.867830,125.425217,10.000000,10.653099
260.439923,125.615907,10.000000,10.998990
261.628013,126.338114,10.000000,10.593189
261.169774,126.721059,10.000000,11.373223
261.499154,127.020992,10.000000,12.427636
262.123773,127.378148,10.000000,10.829733
263.310979,127.573164,10.000000,13.203269
264.283915,128.284986,10.000000,12.607694
265.485002,128.145640,10.000000,11.268863
266.619952,128.596157,10.000000,12.245155
267.947914,127.735957,10.000000,11.302073
269.274273,127.252591,10.000000,10.942477
