144.400000,143.800000,5.800000,14.800000
145.650748,143.338715,10.000000,16.215479
146.110908,143.001716,10.000000,15.898312
146.480200,143.535254,10.000000,16.478899
147.934935,142.674940,10.000000,16.127565
148.665403,143.512334,10.000000,15.580102
148.332711,143.388322,10.000000,15.571664
150.243463,143.392627,10.000000,15.497105
150.906993,143.447864,10.000000,15.339348
151.529054,143.361763,10.000000,15.277891
151.887143,143.162291,10.000000,15.479502
152.810956,143.102318,10.000000,15.531122
153.351889,143.039099,10.000000,15.383402
155.397286,142.882796,10.000000,15.230896
156.111407,143.651828,10.000000,15.515855
156.517119,143.521866,10.000000,15.500292
156.421088,143.524341,10.000000,15.535450
158.122462,143.732919,10.000000,15.090175
158.104734,143.627938,10.000000,15.289913
159.610736,143.535092,10.000000,15.389329
160.105826,143.577504,10.000000,15.088097
161.277103,143.463447,10.000000,15.663731
161.346953,143.231343,10.000000,15.475529
162.408845,143.222870,10.000000,15.929758
163.369907,142.816049,10.000000,16.572842
164.597478,143.062020,10.000000,17.068087
164.916487,143.246538,10.000000,16.938051
165.945529,143.618774,10.000000,16.161091
166.771275,143.599416,10.000000,15.639488
167.630196,143.242219,10.000000,15.193745
168.053120,143.033617,10.000000,14.774096
168.817199,143.215375,10.000000,14.896828
170.103605,143.453866,10.000000,14.457349
170.199093,143.616191,10.000000,14.480504
171.013970,143.643721,10.000000,14.510370
171.746916,143.492894,10.000000,15.062935
172.715120,142.980964,10.000000,14.646445
173.610826,142.943441,10.000000,15.865959
174.399222,143.593589,10.000000,14.925568
174.770818,142.779161,10.000000,15.054069
175.350107,143.422808,10.000000,16.701212
177.291205,142.780716,10.000000,15.143454
177.871367,143.445459,10.000000,15.397204
178.148474,143.235775,10.000000,14.589858
178.648288,143.278085,10.000000,14.639159
179.995769,143.032011,10.000000,14.657103
181.055449,142.792190,10.000000,14.803576
180.739572,142.481880,10.000000,15.177913
181.530378,143.015640,10.000000,14.922094
182.404550,143.107960,10.000000,14.754224
183.213104,143.100847,10.000000,14.822448
184.110598,143.068179,10.000000,14.813305
184.575606,143.033287,10.000000,15.099040
185.015214,142.389292,10.000000,15.287619
186.037151,142.970979,10.000000,15.384109
186.980288,142.268180,10.000000,15.586369
188.125415,142.757992,10.000000,16.267603
189.021534,142.744393,10.000000,15.585206
189.323732,142.475131,10.000000,15.149723
190.191721,143.092030,10.000000,14.960858
190.767869,143.221265,10.000000,14.809101
191.701833,143.056286,10.000000,15.280284
192.435222,142.605430,10.000000,14.552265
193.293037,143.286313,10.000000,14.810205
193.504344,143.175811,10.000000,14.962502
194.631958,143.029040,10.000000,15.201673
195.232444,142.403826,10.000000,14.975518
196.221206,143.222068,10.000000,14.992661
196.902886,143.383814,10.000000,14.838038
197.954735,143.487288,10.000000,14.855108
199.080248,143.721484,10.000000,14.662744
199.123087,142.625794,10.000000,14.712553
199.617344,143.491958,10.000000,15.677516
200.981489,142.965518,10.000000,14.796731
201.897770,143.181369,10.000000,15.507449
201.796116,143.247044,10.000000,14.404729
203.968988,143.203764,10.000000,14.499483
204.745836,143.238812,10.000000,14.769583
205.525991,143.441726,10.000000,14.848133
205.492808,143.722997,10.000000,14.796298
205.562224,142.952139,10.000000,14.902823
207.395562,143.281694,10.000000,14.809478
207.799979,143.618302,10.000000,14.593325
209.385129,143.810442,10.000000,14.618586
209.698345,142.863898,10.000000,15.268530
209.908762,143.752235,10.000000,14.901501
211.625046,142.880582,10.000000,15.501369
211.885432,142.812723,10.000000,15.587142
212.783481,142.760432,10.000000,15.991029
213.911951,143.457154,10.000000,15.749439
214.220756,143.095624,10.000000,15.790475
214.475718,143.842163,10.000000,15.588962
216.770511,142.868108,10.000000,15.703697
216.883554,143.514371,10.000000,15.940022
217.793900,143.250076,10.000000,15.665287
218.267403,142.935449,10.000000,15.469089
219.045516,142.991852,10.000000,15.573224
220.182960,143.066619,10.000000,14.931965
220.352268,143.330441,10.000000,15.811327
221.201636,143.141105,10.000000,14.798302
221.447100,143.612576,10.000000,14.960652
221.659032,143.076347,10.000000,14.973479
223.383164,143.775136,10.000000,14.800427
224.026347,142.990455,10.000000,14.998721
224.642075,143.339268,10.000000,14.880162
225.928847,143.601884,10.000000,14.707410
226.434413,143.838448,10.000000,14.920312
226.706482,142.963604,10.000000,14.790290
228.319958,142.787711,10.000000,15.675941
228.814235,143.119737,10.000000,15.623389
229.056694,142.855040,10.000000,15.718118
228.889547,143.311601,10.000000,15.352940
230.520655,143.276849,10.000000,15.395789
230.673754,143.017908,10.000000,15.360003
232.174062,142.707624,10.000000,14.790390
232.565565,142.734228,10.000000,15.582052
232.933905,142.582346,10.000000,15.550329
233.804075,143.557637,10.000000,15.065694
235.228376,143.457850,10.000000,13.999380
236.232824,143.941623,10.000000,14.335545
237.031010,143.263196,10.000000,14.229588
237.343090,143.939820,10.000000,14.104322
237.817365,143.419140,10.000000,13.998233
238.664915,143.965285,10.000000,14.178652
239.254921,143.237890,10.000000,14.043177
240.962371,143.743496,10.000000,13.772364
241.749380,143.323879,10.000000,13.924028
241.587032,143.533365,10.000000,13.937654
242.431415,142.507655,10.000000,13.924942
244.076393,143.208047,10.000000,14.067807
244.625418,142.905896,10.000000,14.798191
245.164089,142.685510,10.000000,14.462230
244.712379,143.435723,10.000000,14.370938
245.778108,142.674540,10.000000,14.072740
247.234911,142.768703,10.000000,14.173477
248.993171,142.676237,10.000000,14.200622
249.301635,142.585639,10.000000,14.213581
250.034687,142.332548,10.000000,14.557520
249.789754,142.798554,10.000000,14.587881
251.590665,141.994694,10.000000,14.726763
252.534875,142.411098,10.000000,14.730479
253.098699,142.787886,10.000000,14.736483
252.720986,142.339538,10.000000,14.514266
254.152009,142.774524,10.000000,14.547768
254.323590,142.204206,10.000000,14.483227
255.748918,142.474536,10.000000,14.289456
256.566649,142.109003,10.000000,14.445955
257.190768,142.281991,10.000000,14.654893
257.076290,142.571169,10.000000,14.701544
257.929697,142.667146,10.000000,14.654483
260.059976,142.724912,10.000000,14.056941
260.331310,141.723892,10.000000,14.821970
260.721480,141.974642,10.000000,14.744002
261.411469,142.478727,10.000000,14.316868
262.092227,142.226531,10.000000,14.414341
262.248931,142.465349,10.000000,14.467681
263.541070,142.510992,10.000000,14.474925
264.576191,142.420552,10.000000,14.660225
265.127505,142.481935,10.000000,14.854442
265.159529,142.704828,10.000000,14.809020
266.209971,142.007924,10.000000,14.545555
267.328329,141.959503,10.000000,14.973941
268.301770,142.432430,10.000000,15.055994
268.886670,142.803255,10.000000,14.586471
269.306603,142.211986,10.000000,14.755272
269.959648,142.634577,10.000000,15.083212
271.195999,142.702110,10.000000,14.592075
271.920124,143.063449,10.000000,14.806705
273.103655,142.580446,10.000000,14.339888
273.198438,142.502958,10.000000,14.780493
273.662293,143.094694,10.000000,14.901396
275.212078,142.540747,10.000000,14.733102
275.779646,143.115783,10.000000,14.560715
277.016220,142.790182,10.000000,14.516013
276.661595,142.559136,10.000000,14.308690
277.259270,142.771232,10.000000,14.443542
278.638407,143.364237,10.000000,14.676234
280.014772,143.184674,10.000000,14.192057
280.568178,143.383768,10.000000,14.159838
280.455287,143.660009,10.000000,14.259747
281.661658,142.698727,10.000000,14.483782
282.746599,143.255851,10.000000,14.479442
283.819575,142.913748,10.000000,14.270774
284.161414,143.204609,10.000000,14.312937
284.706245,143.600460,10.000000,14.558513
285.141542,143.598582,10.000000,14.631407
285.445999,143.693812,10.000000,14.609812
286.894327,143.872053,10.000000,14.463800
288.452655,142.801808,10.000000,14.508733
288.604003,142.957941,10.000000,14.403785
289.035167,142.888728,10.000000,14.775556
289.121497,143.032257,10.000000,14.711645
290.360223,143.278822,10.000000,14.645995
291.626710,143.442022,10.000000,14.773098
292.680703,143.729735,10.000000,14.757402
293.074703,143.226311,10.000000,14.452711
292.609489,143.506940,10.000000,14.850994
294.242098,144.246521,10.000000,14.502292
295.386692,143.869807,10.000000,14.179398
296.765340,143.922759,10.000000,14.292901
